core/tests/sample_data/JC243a001.ROS
* Sea-Bird SBE 9 Data File:
* FileName = C:\Users\sandm\Documents\Cruises\JC243\Data\CTD Raw Data\JC243a001.hdr
* Software Version Seasave V 7.26.7.121
* Temperature SN = 4816
* Conductivity SN = 3567
* Number of Bytes Per Scan = 37
* Number of Voltage Words = 4
* Number of Scans Averaged by the Deck Unit = 1
* NMEA Latitude = 44 16.04 N
* NMEA Longitude = 063 19.04 W
* NMEA UTC (Time) = Oct 02 2022  14:19:36
** Ship: RRS JAMES COOK
** Cruise: JC24301
** Chief_Scientist: LINDSAY BEAZLEY
** Organization: NOC
** Area_of_Operation: SCOTIAN SHELF
** Cruise_Description: ATLANTIC ZONE MONITORING PROGRAM (AZMP)
** Station_Name: HL_02
** Event_Number: 001
** Sounding: 152
** Event_Comments: HL_02, 495271
# nquan = 19
# nvalues = 931                                   
# units = specified
# name 0 = scan: Scan Count
# name 1 = timeS: Time, Elapsed [seconds]
# name 2 = prDM: Pressure, Digiquartz [db]
# name 3 = t090C: Temperature [ITS-90, deg C]
# name 4 = c0S/m: Conductivity [S/m]
# name 5 = t190C: Temperature, 2 [ITS-90, deg C]
# name 6 = c1S/m: Conductivity, 2 [S/m]
# name 7 = sbeox0V: Oxygen raw, SBE 43 [V]
# name 8 = sbeox1V: Oxygen raw, SBE 43, 2 [V]
# name 9 = ph: pH
# name 10 = flECO-AFL: Fluorescence, WET Labs ECO-AFL/FL [mg/m^3]
# name 11 = CStarAt0: Beam Attenuation, WET Labs C-Star [1/m]
# name 12 = altM: Altimeter [m]
# name 13 = par/log: PAR/Logarithmic, Satlantic [umol photons/m2/s]
# name 14 = wetCDOM: Fluorescence, WET Labs CDOM [mg/m^3]
# name 15 = latitude: Latitude [deg]
# name 16 = longitude: Longitude [deg]
# name 17 = nbf: Bottles Fired
# name 18 = flag:  0.000e+00
# interval = seconds: 0.0416667
# start_time = Oct 02 2022 14:19:36 [NMEA time, header]
# bad_flag = -9.990e-29
*END*
      21799    908.250    145.228     9.8231   3.745250     9.8250   3.744812     1.4957     1.7741      7.748     0.4544     0.1927       5.27 5.0185e-02     0.7388   44.26738  -63.31732          1  0.000e+00
      21800    908.292    145.093     9.8232   3.745225     9.8246   3.744760     1.4957     1.7741      7.748     0.4544     0.1938       5.25 5.0185e-02     0.7388   44.26738  -63.31732          1  0.000e+00
      21801    908.333    145.120     9.8233   3.745268     9.8244   3.744747     1.4957     1.7741      7.748     0.4544     0.1927       5.27 5.0185e-02     0.7388   44.26738  -63.31732          1  0.000e+00
      21802    908.375    145.093     9.8235   3.745286     9.8237   3.744683     1.4957     1.7741      7.748     0.4239     0.1938       5.25 5.0185e-02     0.7388   44.26738  -63.31732          1  0.000e+00
      21803    908.417    145.228     9.8233   3.745256     9.8231   3.744676     1.4957     1.7729      7.748     0.4544     0.1927       5.25 5.0185e-02     0.7388   44.26738  -63.31732          1  0.000e+00
      21804    908.458    145.188     9.8232   3.745274     9.8226   3.744605     1.4957     1.7729      7.748     0.4239     0.1927       5.25 5.0185e-02     0.7388   44.26738  -63.31732          1  0.000e+00
      21805    908.500    144.931     9.8233   3.745255     9.8223   3.744566     1.4957     1.7741      7.748     0.4544     0.1938       5.27 5.0185e-02     0.7388   44.26738  -63.31732          1  0.000e+00
      21806    908.542    145.296     9.8234   3.745274     9.8216   3.744450     1.4957     1.7729      7.748     0.4544     0.1938       5.25 5.0185e-02     0.7388   44.26738  -63.31732          1  0.000e+00
      21807    908.583    145.188     9.8233   3.745231     9.8213   3.744341     1.4945     1.7729      7.748     0.4544     0.1927       5.25 5.0185e-02     0.7388   44.26738  -63.31732          1  0.000e+00
      21808    908.625    145.120     9.8232   3.745237     9.8211   3.744289     1.4945     1.7729      7.748     0.4239     0.1927       5.25 5.0185e-02     0.7388   44.26738  -63.31732          1  0.000e+00
      21809    908.667    145.188     9.8228   3.745201     9.8205   3.744295     1.4957     1.7741      7.748     0.4239     0.1927       5.27 5.0185e-02     0.7388   44.26738  -63.31732          1  0.000e+00
      21810    908.708    145.228     9.8225   3.745207     9.8199   3.744166     1.4957     1.7729      7.748     0.4544     0.1927       5.25 5.0185e-02     0.7388   44.26738  -63.31732          1  0.000e+00
      21811    908.750    145.188     9.8228   3.745165     9.8192   3.743966     1.4957     1.7729      7.748     0.4239     0.1927       5.27 5.0185e-02     0.6155   44.26738  -63.31732          1  0.000e+00
      21812    908.792    145.025     9.8227   3.745171     9.8186   3.743805     1.4957     1.7729      7.748     0.4544     0.1927       5.25 5.0185e-02     0.7388   44.26738  -63.31732          1  0.000e+00
      21813    908.833    145.296     9.8229   3.745183     9.8171   3.743682     1.4957     1.7741      7.748     0.4544     0.1927       5.25 5.0185e-02     0.7388   44.26738  -63.31732          1  0.000e+00
      21814    908.875    145.093     9.8229   3.745231     9.8156   3.743630     1.4957     1.7729      7.748     0.4239     0.1927       5.25 5.0185e-02     0.7388   44.26738  -63.31732          1  0.000e+00
      21815    908.917    145.228     9.8228   3.745195     9.8145   3.743592     1.4957     1.7729      7.748     0.4544     0.1927       5.25 5.0185e-02     0.7388   44.26738  -63.31732          1  0.000e+00
      21816    908.958    145.093     9.8227   3.745231     9.8136   3.743501     1.4957     1.7729      7.748     0.4544     0.1927       5.25 5.0185e-02     0.7388   44.26738  -63.31732          1  0.000e+00
      21817    909.000    145.120     9.8228   3.745231     9.8132   3.743456     1.4957     1.7729      7.748     0.4239     0.1927       5.25 5.0185e-02     0.7388   44.26738  -63.31732          1  0.000e+00
      21818    909.042    145.187     9.8228   3.745243     9.8130   3.743379     1.4957     1.7729      7.748     0.4544     0.1927       5.25 5.0185e-02     0.7388   44.26738  -63.31732          1  0.000e+00
      21819    909.083    145.025     9.8231   3.745249     9.8130   3.743301     1.4957     1.7729      7.748     0.4544     0.1927       5.25 5.0185e-02     0.6155   44.26738  -63.31732          1  0.000e+00
      21820    909.125    145.187     9.8229   3.745225     9.8126   3.743230     1.4957     1.7729      7.748     0.4239     0.1927       5.25 5.0185e-02     0.7388   44.26738  -63.31732          1  0.000e+00
      21821    909.167    145.187     9.8232   3.745268     9.8119   3.743243     1.4957     1.7729      7.748     0.4544     0.1927       5.25 5.0185e-02     0.8621   44.26738  -63.31732          1  0.000e+00
      21822    909.208    145.120     9.8233   3.745231     9.8113   3.743178     1.4957     1.7729      7.748     0.4544     0.1927       5.25 5.0185e-02     0.8621   44.26738  -63.31732          1  0.000e+00
      21823    909.250    145.187     9.8232   3.745292     9.8106   3.743101     1.4957     1.7729      7.748     0.4544     0.1927       5.25 5.0185e-02     0.8621   44.26738  -63.31732          1  0.000e+00
      21824    909.292    145.120     9.8231   3.745316     9.8105   3.742985     1.4945     1.7729      7.748     0.4544     0.1927       5.25 5.0185e-02     0.8621   44.26738  -63.31732          1  0.000e+00
      21825    909.333    145.295     9.8232   3.745316     9.8100   3.742933     1.4945     1.7729      7.748     0.4544     0.1927       5.23 5.0185e-02     0.8621   44.26738  -63.31732          1  0.000e+00
      21826    909.375    145.228     9.8231   3.745316     9.8093   3.742901     1.4957     1.7729      7.748     0.4544     0.1949       5.25 5.0185e-02     0.8621   44.26738  -63.31732          1  0.000e+00
      21827    909.417    145.093     9.8229   3.745364     9.8086   3.742881     1.4957     1.7729      7.748     0.4544     0.1971       5.25 5.0185e-02     0.8621   44.26738  -63.31732          1  0.000e+00
      21828    909.458    145.187     9.8228   3.745328     9.8077   3.742940     1.4957     1.7729      7.748     0.4544     0.1992       5.23 5.0185e-02     0.8621   44.26738  -63.31732          1  0.000e+00
      21829    909.500    145.322     9.8225   3.745292     9.8074   3.743133     1.4945     1.7729      7.748     0.4544     0.1981       5.25 5.0185e-02     0.8621   44.26738  -63.31732          1  0.000e+00
      21830    909.542    145.093     9.8229   3.745334     9.8079   3.743288     1.4957     1.7729      7.748     0.4544     0.1981       5.23 5.0185e-02     0.8621   44.26738  -63.31732          1  0.000e+00
      21831    909.583    145.228     9.8229   3.745304     9.8083   3.743314     1.4957     1.7729      7.748     0.4544     0.1981       5.23 5.0185e-02     0.8621   44.26738  -63.31732          1  0.000e+00
      21832    909.625    145.093     9.8229   3.745286     9.8082   3.743269     1.4945     1.7729      7.748     0.4544     0.1981       5.20 5.0185e-02     0.8621   44.26738  -63.31732          1  0.000e+00
      21833    909.667    145.228     9.8229   3.745256     9.8083   3.743275     1.4957     1.7729      7.748     0.4544     0.1981       5.20 5.0185e-02     0.8621   44.26738  -63.31732          1  0.000e+00
      21834    909.708    145.187     9.8226   3.745274     9.8089   3.743288     1.4957     1.7729      7.748     0.4544     0.1981       5.20 5.0185e-02     0.8621   44.26738  -63.31732          1  0.000e+00
      21835    909.750    145.093     9.8219   3.745256     9.8089   3.743178     1.4957     1.7729      7.748     0.4544     0.1981       5.20 5.0185e-02     0.8621   44.26738  -63.31732          1  0.000e+00
      21836    909.792    145.120     9.8223   3.745250     9.8090   3.743153     1.4957     1.7729      7.748     0.4239     0.1981       5.23 5.0185e-02     0.8621   44.26738  -63.31732          1  0.000e+00
      21837    909.833    145.187     9.8225   3.745250     9.8090   3.743159     1.4945     1.7729      7.748     0.4544     0.1981       5.23 5.0185e-02     0.8621   44.26738  -63.31732          1  0.000e+00
      21838    909.875    145.120     9.8224   3.745231     9.8092   3.743172     1.4957     1.7729      7.748     0.4544     0.1981       5.23 5.0185e-02     0.8621   44.26738  -63.31732          1  0.000e+00
      21839    909.917    145.187     9.8219   3.745219     9.8089   3.743237     1.4945     1.7729      7.748     0.4544     0.1981       5.23 5.0185e-02     0.8621   44.26738  -63.31732          1  0.000e+00
      21840    909.958    145.025     9.8218   3.745219     9.8083   3.743333     1.4945     1.7729      7.744     0.4544     0.1971       5.23 5.0185e-02     0.8621   44.26738  -63.31732          1  0.000e+00
      21841    910.000    145.093     9.8218   3.745268     9.8083   3.743404     1.4957     1.7729      7.748     0.4544     0.1981       5.23 5.0185e-02     0.8621   44.26738  -63.31732          1  0.000e+00
      21842    910.042    145.187     9.8221   3.745286     9.8089   3.743482     1.4957     1.7729      7.748     0.4544     0.1981       5.23 5.0185e-02     0.8621   44.26738  -63.31732          1  0.000e+00
      21843    910.083    145.228     9.8225   3.745334     9.8096   3.743540     1.4957     1.7729      7.748     0.4544     0.1981       5.23 5.0185e-02     0.8621   44.26738  -63.31732          1  0.000e+00
      21844    910.125    144.985     9.8226   3.745322     9.8104   3.743572     1.4957     1.7729      7.748     0.4544     0.1981       5.25 5.0185e-02     0.8621   44.26738  -63.31732          1  0.000e+00
      21845    910.167    145.228     9.8229   3.745316     9.8111   3.743611     1.4945     1.7729      7.748     0.4544     0.1981       5.25 5.0185e-02     0.8621   44.26738  -63.31732          1  0.000e+00
      21846    910.208    145.187     9.8229   3.745268     9.8116   3.743637     1.4957     1.7729      7.748     0.4544     0.1981       5.25 5.0185e-02     0.8621   44.26738  -63.31732          1  0.000e+00
      21847    910.250    145.025     9.8227   3.745225     9.8119   3.743721     1.4945     1.7729      7.748     0.4544     0.1960       5.25 5.0185e-02     0.9855   44.26738  -63.31732          1  0.000e+00
      27604   1150.125    101.784     7.3007   3.420754     7.3559   3.426185     1.6694     1.9967      7.727     0.4850     0.0914      48.52 5.0185e-02     0.4922   44.26740  -63.31732          2  0.000e+00
      27605   1150.167    102.081     7.3006   3.420778     7.3560   3.426197     1.6706     1.9979      7.727     0.4850     0.0925      48.50 5.0185e-02     0.4922   44.26740  -63.31732          2  0.000e+00
      27606   1150.208    101.987     7.3028   3.420848     7.3558   3.426228     1.6706     1.9979      7.727     0.4544     0.0935      48.50 5.0185e-02     0.4922   44.26740  -63.31732          2  0.000e+00
      27607   1150.250    101.879     7.3041   3.420848     7.3557   3.426166     1.6694     1.9967      7.727     0.4850     0.0946      48.52 5.0185e-02     0.3689   44.26740  -63.31732          2  0.000e+00
      27608   1150.292    101.784     7.3026   3.420789     7.3556   3.426191     1.6694     1.9979      7.727     0.4850     0.0946      48.50 5.0185e-02     0.4922   44.26740  -63.31732          2  0.000e+00
      27609   1150.333    101.987     7.3017   3.420754     7.3560   3.426210     1.6694     1.9979      7.727     0.4544     0.0946      48.52 5.0185e-02     0.4922   44.26740  -63.31732          2  0.000e+00
      27610   1150.375    101.784     7.3008   3.420749     7.3559   3.426203     1.6694     1.9967      7.727     0.4850     0.0946      48.55 5.0185e-02     0.4922   44.26740  -63.31732          2  0.000e+00
      27611   1150.417    102.081     7.3000   3.420702     7.3558   3.426185     1.6694     1.9979      7.727     0.4850     0.0946      48.55 5.0185e-02     0.4922   44.26740  -63.31732          2  0.000e+00
      27612   1150.458    101.879     7.2994   3.420568     7.3554   3.426153     1.6694     1.9979      7.727     0.4850     0.0946      48.55 5.0185e-02     0.3689   44.26740  -63.31732          2  0.000e+00
      27613   1150.500    101.784     7.2980   3.420480     7.3554   3.426103     1.6694     1.9979      7.727     0.4850     0.0935      48.55 5.0185e-02     0.4922   44.26740  -63.31732          2  0.000e+00
      27614   1150.542    101.986     7.2975   3.420492     7.3549   3.426066     1.6694     1.9991      7.727     0.4850     0.0946      48.55 5.0185e-02     0.4922   44.26740  -63.31732          2  0.000e+00
      27615   1150.583    101.784     7.2978   3.420573     7.3544   3.426035     1.6706     1.9967      7.727     0.4850     0.0935      48.55 5.0185e-02     0.4922   44.26740  -63.31732          2  0.000e+00
      27616   1150.625    101.878     7.2962   3.420597     7.3540   3.426004     1.6694     1.9979      7.727     0.4850     0.0946      48.55 5.0185e-02     0.4922   44.26740  -63.31732          2  0.000e+00
      27617   1150.667    101.878     7.2962   3.420597     7.3536   3.425985     1.6706     1.9991      7.727     0.4850     0.0946      48.55 5.0185e-02     0.4922   44.26740  -63.31732          2  0.000e+00
      27618   1150.708    101.878     7.2988   3.420474     7.3536   3.425991     1.6706     1.9967      7.727     0.4850     0.0946      48.55 5.0185e-02     0.4922   44.26740  -63.31732          2  0.000e+00
      27619   1150.750    101.878     7.3028   3.420369     7.3536   3.426066     1.6694     1.9979      7.727     0.4850     0.0946      48.57 5.0185e-02     0.3689   44.26740  -63.31732          2  0.000e+00
      27620   1150.792    101.986     7.3051   3.420276     7.3533   3.426091     1.6706     1.9979      7.727     0.4850     0.0946      48.55 5.0185e-02     0.4922   44.26740  -63.31732          2  0.000e+00
      27621   1150.833    101.878     7.3049   3.420159     7.3534   3.426110     1.6694     1.9967      7.727     0.4850     0.0946      48.60 5.0185e-02     0.3689   44.26740  -63.31732          2  0.000e+00
      27622   1150.875    101.784     7.3020   3.420036     7.3536   3.426160     1.6694     1.9979      7.727     0.4544     0.0935      48.64 5.0185e-02     0.3689   44.26740  -63.31732          2  0.000e+00
      27623   1150.917    101.878     7.2981   3.419954     7.3541   3.426178     1.6694     1.9967      7.727     0.4850     0.0946      48.64 5.0185e-02     0.4922   44.26740  -63.31732          2  0.000e+00
      27624   1150.958    101.878     7.2957   3.419826     7.3542   3.426197     1.6694     1.9979      7.727     0.4850     0.0946      48.64 5.0185e-02     0.4922   44.26740  -63.31732          2  0.000e+00
      27625   1151.000    101.986     7.2941   3.419721     7.3545   3.426247     1.6694     1.9979      7.727     0.4850     0.0946      48.64 5.0185e-02     0.4922   44.26740  -63.31732          2  0.000e+00
      27626   1151.042    101.878     7.2944   3.419697     7.3552   3.426222     1.6694     1.9967      7.727     0.4850     0.0925      48.64 5.0185e-02     0.3689   44.26740  -63.31732          2  0.000e+00
      27627   1151.083    101.986     7.2955   3.419832     7.3555   3.426185     1.6694     1.9991      7.727     0.4850     0.0914      48.64 5.0185e-02     0.3689   44.26740  -63.31732          2  0.000e+00
      27628   1151.125    101.878     7.2959   3.420042     7.3561   3.426178     1.6694     1.9967      7.727     0.4850     0.0904      48.64 5.0185e-02     0.2455   44.26740  -63.31732          2  0.000e+00
      27629   1151.167    101.986     7.2981   3.420211     7.3565   3.426178     1.6694     1.9979      7.727     0.4850     0.0904      48.62 5.0185e-02     0.3689   44.26740  -63.31732          2  0.000e+00
      27630   1151.208    101.878     7.2999   3.420299     7.3563   3.426178     1.6706     1.9979      7.727     0.4850     0.0904      48.64 5.0185e-02     0.2455   44.26740  -63.31732          2  0.000e+00
