core/tests/sample_data/JC243a001.ROS
* Sea-Bird SBE 9 Data File:
* FileName = C:\Users\sandm\Documents\Cruises\JC243\Data\CTD Raw Data\JC243a001.hdr
* Software Version Seasave V 7.26.7.121
* Temperature SN = 4816
* Conductivity SN = 3567
* Number of Bytes Per Scan = 37
* Number of Voltage Words = 4
* Number of Scans Averaged by the Deck Unit = 1
* NMEA Latitude = 44 16.04 N
* NMEA Longitude = 063 19.04 W
* NMEA UTC (Time) = Oct 02 2022  14:19:36
** Ship: RRS JAMES COOK
** Cruise: JC24301
** Chief_Scientist: LINDSAY BEAZLEY
** Organization: NOC
** Area_of_Operation: SCOTIAN SHELF
** Cruise_Description: ATLANTIC ZONE MONITORING PROGRAM (AZMP)
** Station_Name: HL_02
** Event_Number: 001
** Sounding: 152
** Event_Comments: HL_02, 495271
# nquan = 19
# nvalues = 931                                   
# units = specified
# name 0 = scan: Scan Count
# name 1 = timeS: Time, Elapsed [seconds]
# name 2 = prDM: Pressure, Digiquartz [db]
# name 3 = t090C: Temperature [ITS-90, deg C]
# name 4 = c0S/m: Conductivity [S/m]
# name 5 = t190C: Temperature, 2 [ITS-90, deg C]
# name 6 = c1S/m: Conductivity, 2 [S/m]
# name 7 = sbeox0V: Oxygen raw, SBE 43 [V]
# name 8 = sbeox1V: Oxygen raw, SBE 43, 2 [V]
# name 9 = ph: pH
# name 10 = flECO-AFL: Fluorescence, WET Labs ECO-AFL/FL [mg/m^3]
# name 11 = CStarAt0: Beam Attenuation, WET Labs C-Star [1/m]
# name 12 = altM: Altimeter [m]
# name 13 = par/log: PAR/Logarithmic, Satlantic [umol photons/m2/s]
# name 14 = wetCDOM: Fluorescence, WET Labs CDOM [mg/m^3]
# name 15 = latitude: Latitude [deg]
# name 16 = longitude: Longitude [deg]
# name 17 = nbf: Bottles Fired
# name 18 = flag:  0.000e+00
# interval = seconds: 0.0416667
# start_time = Oct 02 2022 14:19:36 [NMEA time, header]
# bad_flag = -9.990e-29
*END*
[from data line 77]
      27632   1151.292    101.878     7.3007   3.420422     7.3566   3.426172     1.6694     1.9991      7.727     0.4544     0.0904      48.64 5.0185e-02     0.2455   44.26740  -63.31732          2  0.000e+00
      27633   1151.333    101.784     7.3007   3.420509     7.3565   3.426135     1.6694     1.9967      7.727     0.4850     0.0914      48.60 5.0185e-02     0.3689   44.26740  -63.31732          2  0.000e+00
      27634   1151.375    102.081     7.3002   3.420509     7.3561   3.426141     1.6694     1.9979      7.727     0.4544     0.0914      48.57 5.0185e-02     0.3689   44.26740  -63.31732          2  0.000e+00
      27635   1151.417    101.784     7.2989   3.420556     7.3556   3.426103     1.6694     1.9979      7.727     0.4544     0.0914      48.55 5.0185e-02     0.3689   44.26740  -63.31732          2  0.000e+00
      27636   1151.458    101.878     7.2985   3.420492     7.3554   3.426066     1.6706     1.9979      7.727     0.4544     0.0904      48.57 5.0185e-02     0.3689   44.26740  -63.31732          2  0.000e+00
      27637   1151.500    101.784     7.2973   3.420351     7.3552   3.426035     1.6706     1.9979      7.727     0.4544     0.0904      48.57 5.0185e-02     0.3689   44.26740  -63.31732          2  0.000e+00
      27638   1151.542    101.986     7.2967   3.420287     7.3549   3.426097     1.6694     1.9967      7.727     0.4850     0.0904      48.57 5.0185e-02     0.3689   44.26740  -63.31732          2  0.000e+00
      27639   1151.583    101.784     7.2965   3.420328     7.3547   3.426085     1.6694     1.9979      7.727     0.4850     0.0914      48.57 5.0185e-02     0.3689   44.26740  -63.31732          2  0.000e+00
      27640   1151.625    101.986     7.2973   3.420322     7.3549   3.426060     1.6706     1.9979      7.727     0.4850     0.0904      48.57 5.0185e-02     0.3689   44.26740  -63.31732          2  0.000e+00
      27641   1151.667    101.784     7.2983   3.420316     7.3550   3.426060     1.6694     1.9967      7.727     0.4850     0.0914      48.57 5.0185e-02     0.2455   44.26740  -63.31732          2  0.000e+00
      27642   1151.708    101.878     7.2975   3.420334     7.3547   3.426060     1.6694     1.9991      7.727     0.4850     0.0914      48.57 5.0185e-02     0.3689   44.26740  -63.31732          2  0.000e+00
      27643   1151.750    101.986     7.2967   3.420433     7.3547   3.426079     1.6706     1.9979      7.727     0.4850     0.0914      48.57 5.0185e-02     0.3689   44.26740  -63.31732          2  0.000e+00
      27644   1151.792    101.878     7.2981   3.420585     7.3544   3.426091     1.6694     1.9967      7.727     0.4850     0.0904      48.57 5.0185e-02     0.3689   44.26740  -63.31732          2  0.000e+00
      27645   1151.833    101.986     7.3010   3.420714     7.3544   3.426091     1.6694     1.9979      7.727     0.4850     0.0914      48.62 5.0185e-02     0.3689   44.26740  -63.31732          2  0.000e+00
      27646   1151.875    101.986     7.3020   3.420889     7.3541   3.426091     1.6681     1.9979      7.727     0.4850     0.0904      48.64 5.0185e-02     0.3689   44.26740  -63.31732          2  0.000e+00
      27647   1151.917    101.784     7.3042   3.420935     7.3540   3.426103     1.6694     1.9967      7.727     0.4850     0.0893      48.64 5.0185e-02     0.3689   44.26740  -63.31732          2  0.000e+00
      27648   1151.958    102.081     7.3046   3.421052     7.3542   3.426072     1.6694     1.9979      7.727     0.4850     0.0882      48.64 5.0185e-02     0.3689   44.26740  -63.31732          2  0.000e+00
      27649   1152.000    101.878     7.3038   3.421274     7.3538   3.426060     1.6694     1.9979      7.727     0.4850     0.0893      48.64 5.0185e-02     0.3689   44.26740  -63.31732          2  0.000e+00
      27650   1152.042    101.878     7.3041   3.421455     7.3538   3.426060     1.6694     1.9967      7.727     0.4850     0.0893      48.64 5.0185e-02     0.3689   44.26740  -63.31732          2  0.000e+00
      27651   1152.083    101.878     7.3042   3.421444     7.3539   3.426010     1.6706     1.9979      7.727     0.4850     0.0893      48.60 5.0185e-02     0.3689   44.26740  -63.31732          2  0.000e+00
      27652   1152.125    101.986     7.3040   3.421379     7.3539   3.426041     1.6706     1.9991      7.727     0.4850     0.0893      48.55 5.0185e-02     0.2455   44.26740  -63.31732          2  0.000e+00
      31149   1297.833     81.776     5.5032   3.203427     5.5292   3.207006     1.7549     2.1006      7.698     0.5460     0.0925      69.23 5.0185e-02     0.8621   44.26738  -63.31734          3  0.000e+00
      31150   1297.875     81.884     5.5013   3.203353     5.5289   3.207048     1.7561     2.1006      7.703     0.5155     0.0925      69.16 5.0185e-02     0.8621   44.26738  -63.31734          3  0.000e+00
      31151   1297.917     81.681     5.4982   3.203251     5.5290   3.207042     1.7549     2.1006      7.698     0.5460     0.0925      69.16 5.0185e-02     0.8621   44.26738  -63.31734          3  0.000e+00
      31152   1297.958     81.978     5.4957   3.203200     5.5291   3.206939     1.7549     2.1006      7.698     0.5460     0.0925      69.16 5.0185e-02     0.8621   44.26738  -63.31736          3  0.000e+00
      31153   1298.000     81.587     5.4934   3.203103     5.5290   3.206890     1.7549     2.1006      7.703     0.5460     0.0925      69.16 5.0185e-02     0.8621   44.26738  -63.31736          3  0.000e+00
      31154   1298.042     81.884     5.4914   3.203074     5.5290   3.206848     1.7549     2.1006      7.698     0.5460     0.0925      69.16 5.0185e-02     0.7388   44.26738  -63.31736          3  0.000e+00
      31155   1298.083     81.681     5.4903   3.203006     5.5286   3.206847     1.7561     2.1006      7.698     0.5460     0.0925      69.23 5.0185e-02     0.8621   44.26738  -63.31736          3  0.000e+00
      31156   1298.125     81.776     5.4893   3.203006     5.5295   3.206872     1.7561     2.1006      7.698     0.5460     0.0925      69.30 5.0185e-02     0.8621   44.26738  -63.31736          3  0.000e+00
      31157   1298.167     81.870     5.4891   3.203080     5.5299   3.206908     1.7549     2.1006      7.703     0.5460     0.0925      69.30 5.0185e-02     0.8621   44.26738  -63.31736          3  0.000e+00
      31158   1298.208     81.776     5.4912   3.203211     5.5306   3.206823     1.7561     2.1006      7.698     0.5460     0.0925      69.30 5.0185e-02     0.8621   44.26738  -63.31736          3  0.000e+00
      31159   1298.250     81.776     5.4945   3.203359     5.5295   3.206586     1.7549     2.1006      7.698     0.5460     0.0925      69.30 5.0185e-02     0.8621   44.26738  -63.31736          3  0.000e+00
      31160   1298.292     81.884     5.4971   3.203484     5.5288   3.206355     1.7549     2.1006      7.698     0.5460     0.0925      69.30 5.0185e-02     0.8621   44.26738  -63.31736          3  0.000e+00
      31161   1298.333     81.776     5.4987   3.203518     5.5284   3.206252     1.7549     2.1006      7.703     0.5460     0.0925      69.38 5.0185e-02     0.8621   44.26738  -63.31736          3  0.000e+00
      31162   1298.375     81.978     5.4992   3.203382     5.5274   3.206234     1.7549     2.0993      7.698     0.5765     0.0935      69.45 5.0185e-02     0.8621   44.26738  -63.31736          3  0.000e+00
      31163   1298.417     81.776     5.4998   3.203291     5.5264   3.206288     1.7549     2.1006      7.698     0.6071     0.0935      69.47 5.0185e-02     0.8621   44.26738  -63.31736          3  0.000e+00
      31164   1298.458     81.884     5.4999   3.203296     5.5251   3.206228     1.7549     2.1006      7.703     0.6071     0.0935      69.47 5.0185e-02     0.8621   44.26738  -63.31736          3  0.000e+00
      31165   1298.500     81.978     5.4997   3.203439     5.5240   3.206136     1.7549     2.1006      7.698     0.6071     0.0935      69.45 5.0185e-02     0.8621   44.26738  -63.31736          3  0.000e+00
      31166   1298.542     81.776     5.5008   3.203530     5.5234   3.206124     1.7549     2.1006      7.698     0.6071     0.0935      69.45 5.0185e-02     0.8621   44.26738  -63.31736          3  0.000e+00
      31167   1298.583     81.870     5.5005   3.203496     5.5232   3.206228     1.7549     2.1006      7.698     0.6071     0.0935      69.30 5.0185e-02     0.8621   44.26738  -63.31736          3  0.000e+00
      31168   1298.625     81.776     5.4998   3.203353     5.5234   3.206392     1.7561     2.1006      7.703     0.6071     0.0935      69.16 5.0185e-02     0.8621   44.26738  -63.31736          3  0.000e+00
      31169   1298.667     81.681     5.5001   3.203376     5.5237   3.206513     1.7549     2.1006      7.698     0.6071     0.0935      69.13 5.0185e-02     0.8621   44.26738  -63.31736          3  0.000e+00
      31170   1298.708     81.884     5.4995   3.203353     5.5240   3.206598     1.7549     2.1006      7.698     0.6071     0.0935      69.13 5.0185e-02     0.8621   44.26738  -63.31736          3  0.000e+00
      31171   1298.750     81.681     5.4982   3.203313     5.5243   3.206677     1.7549     2.0993      7.703     0.6071     0.0935      69.13 5.0185e-02     0.8621   44.26738  -63.31736          3  0.000e+00
      31172   1298.792     81.776     5.4979   3.203262     5.5245   3.206714     1.7549     2.1006      7.698     0.6071     0.0925      69.16 5.0185e-02     0.8621   44.26738  -63.31736          3  0.000e+00
      31173   1298.833     81.681     5.4978   3.203251     5.5242   3.206665     1.7537     2.1006      7.698     0.6071     0.0935      69.23 5.0185e-02     0.8621   44.26738  -63.31736          3  0.000e+00
      31174   1298.875     81.776     5.4980   3.203296     5.5239   3.206598     1.7537     2.1006      7.698     0.6071     0.0935      69.28 5.0185e-02     0.8621   44.26738  -63.31736          3  0.000e+00
      31175   1298.917     81.681     5.4981   3.203376     5.5237   3.206483     1.7549     2.1006      7.698     0.6071     0.0935      69.28 5.0185e-02     0.8621   44.26738  -63.31736          3  0.000e+00
      31176   1298.958     81.978     5.4990   3.203439     5.5237   3.206264     1.7549     2.1006      7.703     0.6071     0.0935      69.28 5.0185e-02     0.8621   44.26738  -63.31736          3  0.000e+00
      31177   1299.000     81.668     5.4992   3.203524     5.5231   3.206027     1.7549     2.0993      7.698     0.6071     0.0935      69.28 5.0185e-02     0.8621   44.26738  -63.31736          3  0.000e+00
      31178   1299.042     81.884     5.5002   3.203547     5.5223   3.205918     1.7549     2.1006      7.698     0.6071     0.0935      69.28 5.0185e-02     0.8621   44.26738  -63.31736          3  0.000e+00
      31179   1299.083     81.884     5.5014   3.203587     5.5215   3.205906     1.7537     2.0993      7.698     0.6071     0.0935      69.28 5.0185e-02     0.8621   44.26738  -63.31736          3  0.000e+00
      31180   1299.125     81.884     5.5013   3.203604     5.5204   3.205954     1.7549     2.0993      7.698     0.6071     0.0935      69.28 5.0185e-02     0.8621   44.26738  -63.31736          3  0.000e+00
      31181   1299.167     81.776     5.5012   3.203558     5.5205   3.206003     1.7549     2.0993      7.698     0.6071     0.0935      69.28 5.0185e-02     0.8621   44.26738  -63.31736          3  0.000e+00
      31182   1299.208     81.978     5.5009   3.203496     5.5204   3.205978     1.7549     2.1006      7.698     0.6376     0.0946      69.28 5.0185e-02     0.8621   44.26738  -63.31736          3  0.000e+00
      31183   1299.250     81.870     5.5004   3.203416     5.5207   3.205924     1.7549     2.0993      7.698     0.6071     0.0989      69.28 5.0185e-02     0.8621   44.26738  -63.31736          3  0.000e+00
      31184   1299.292     81.776     5.5007   3.203353     5.5210   3.205930     1.7549     2.0993      7.698     0.6071     0.0967      69.28 5.0185e-02     0.8621   44.26738  -63.31736          3  0.000e+00
      31185   1299.333     81.978     5.5005   3.203359     5.5212   3.205906     1.7549     2.0993      7.703     0.6071     0.0957      69.26 5.0185e-02     0.8621   44.26738  -63.31736          3  0.000e+00
      31186   1299.375     81.884     5.5004   3.203348     5.5210   3.205839     1.7549     2.0993      7.703     0.6071     0.0967      69.23 5.0185e-02     0.8621   44.26738  -63.31736          3  0.000e+00
      31187   1299.417     81.776     5.4997   3.203405     5.5201   3.205863     1.7537     2.1006      7.698     0.6071     0.0967      69.21 5.0185e-02     0.8621   44.26738  -63.31736          3  0.000e+00
      31188   1299.458     81.870     5.4993   3.203336     5.5201   3.205936     1.7549     2.0993      7.698     0.5460     0.0967      69.21 5.0185e-02     0.8621   44.26738  -63.31736          3  0.000e+00
      31189   1299.500     81.681     5.4989   3.203285     5.5205   3.205984     1.7549     2.1006      7.698     0.5155     0.0967      69.21 5.0185e-02     0.8621   44.26738  -63.31736          3  0.000e+00
      31190   1299.542     81.776     5.4982   3.203234     5.5209   3.206088     1.7537     2.1006      7.698     0.5155     0.0967      69.21 5.0185e-02     0.8621   44.26738  -63.31736          3  0.000e+00
      31191   1299.583     81.681     5.4977   3.203239     5.5207   3.206149     1.7549     2.1006      7.703     0.4850     0.0967      69.40 5.0185e-02     0.8621   44.26738  -63.31736          3  0.000e+00
      31192   1299.625     81.884     5.4974   3.203268     5.5209   3.206191     1.7549     2.1006      7.698     0.5155     0.0967      69.57 5.0185e-02     0.8621   44.26738  -63.31736          3  0.000e+00
      31193   1299.667     81.573     5.4974   3.203256     5.5212   3.206221     1.7549     2.0993      7.703     0.5155     0.0967      69.60 5.0185e-02     0.8621   44.26738  -63.31736          3  0.000e+00
      31194   1299.708     81.776     5.4974   3.203291     5.5218   3.206222     1.7549     2.0993      7.698     0.5155     0.0967      69.57 5.0185e-02     0.8621   44.26738  -63.31736          3  0.000e+00
      31195   1299.750     81.681     5.4974   3.203353     5.5216   3.206142     1.7537     2.0993      7.703     0.5155     0.0967      69.57 5.0185e-02     0.8621   44.26738  -63.31736          3  0.000e+00
      31196   1299.792     81.884     5.4980   3.203348     5.5216   3.206118     1.7537     2.1006      7.698     0.5155     0.0967      69.57 5.0185e-02     0.8621   44.26738  -63.31736          3  0.000e+00
      31197   1299.833     81.776     5.4979   3.203313     5.5223   3.206082     1.7537     2.1006      7.698     0.5155     0.0967      69.60 5.0185e-02     0.8621   44.26738  -63.31736          3  0.000e+00
      31982   1332.542     81.880     5.4824   3.201531     5.4810   3.201063     1.7537     2.1042      7.698     0.5460     0.0935      69.21 5.0185e-02     0.8621   44.26738  -63.31734          4  0.000e+00
      31983   1332.583     81.880     5.4825   3.201497     5.4808   3.201045     1.7537     2.1042      7.698     0.5460     0.0935      69.13 5.0185e-02     0.8621   44.26738  -63.31734          4  0.000e+00
      31984   1332.625     81.880     5.4822   3.201474     5.4807   3.201039     1.7537     2.1055      7.698     0.5460     0.0935      69.08 5.0185e-02     0.8621   44.26738  -63.31734          4  0.000e+00
      31985   1332.667     81.772     5.4822   3.201389     5.4808   3.201015     1.7537     2.1055      7.698     0.5460     0.0935      69.06 5.0185e-02     0.8621   44.26738  -63.31734          4  0.000e+00
      31986   1332.708     81.974     5.4821   3.201406     5.4808   3.200984     1.7537     2.1042      7.698     0.5460     0.0935      69.06 5.0185e-02     0.8621   44.26738  -63.31734          4  0.000e+00
