core/tests/sample_data/JC243a006.ROS
* Sea-Bird SBE 9 Data File:
* FileName = C:\Users\sandm\Documents\Cruises\JC243\Data\CTD Raw Data\JC243a006.hdr
* Software Version Seasave V 7.26.7.121
* Temperature SN = 4816
* Conductivity SN = 3567
* Number of Bytes Per Scan = 37
* Number of Voltage Words = 4
* Number of Scans Averaged by the Deck Unit = 1
* NMEA Latitude = 42 20.20 N
* NMEA Longitude = 065 48.43 W
* NMEA UTC (Time) = Oct 04 2022  14:03:38
** Ship: RRS JAMES COOK
** Cruise: JC24301
** Chief_Scientist: LINDSAY BEAZLEY
** Organization: NOC
** Area_of_Operation: SCOTIAN SHELF
** Cruise_Description: ATLANTIC ZONE MONITORING PROGRAM (AZMP)
** Station_Name: NEC_02
** Event_Number: 006
** Sounding: 203
** Event_Comments: NEC_02, 495290
# nquan = 19
# nvalues = 1176                                  
# units = specified
# name 0 = scan: Scan Count
# name 1 = timeS: Time, Elapsed [seconds]
# name 2 = prDM: Pressure, Digiquartz [db]
# name 3 = t090C: Temperature [ITS-90, deg C]
# name 4 = c0S/m: Conductivity [S/m]
# name 5 = t190C: Temperature, 2 [ITS-90, deg C]
# name 6 = c1S/m: Conductivity, 2 [S/m]
# name 7 = sbeox0V: Oxygen raw, SBE 43 [V]
# name 8 = sbeox1V: Oxygen raw, SBE 43, 2 [V]
# name 9 = ph: pH
# name 10 = flECO-AFL: Fluorescence, WET Labs ECO-AFL/FL [mg/m^3]
# name 11 = CStarAt0: Beam Attenuation, WET Labs C-Star [1/m]
# name 12 = altM: Altimeter [m]
# name 13 = par/log: PAR/Logarithmic, Satlantic [umol photons/m2/s]
# name 14 = wetCDOM: Fluorescence, WET Labs CDOM [mg/m^3]
# name 15 = latitude: Latitude [deg]
# name 16 = longitude: Longitude [deg]
# name 17 = nbf: Bottles Fired
# name 18 = flag:  0.000e+00
# interval = seconds: 0.0416667
# start_time = Oct 04 2022 14:03:38 [NMEA time, header]
# bad_flag = -9.990e-29
*END*
[from data line 534]
      62179   2590.750     19.967    13.7717   3.889219    13.7863   3.890118     2.1349     2.6088      7.966     2.4996     0.1829      99.98 3.5605e+01     0.2455   42.33672  -65.80706         11  0.000e+00
      62180   2590.792     19.873    13.7719   3.889163    13.7860   3.890013     2.1361     2.6088      7.966     2.4691     0.1807     100.00 3.5605e+01     0.2455   42.33672  -65.80706         11  0.000e+00
      62181   2590.833     19.967    13.7713   3.888992    13.7853   3.889961     2.1361     2.6088      7.966     2.4691     0.1818     100.00 3.5492e+01     0.2455   42.33672  -65.80706         11  0.000e+00
      62182   2590.875     19.967    13.7676   3.888537    13.7853   3.889902     2.1349     2.6088      7.966     2.4691     0.1818     100.00 3.5492e+01     0.2455   42.33672  -65.80706         11  0.000e+00
      62183   2590.917     19.967    13.7633   3.888236    13.7843   3.889810     2.1361     2.6088      7.966     2.4691     0.1818     100.00 3.5492e+01     0.2455   42.33672  -65.80706         11  0.000e+00
      63802   2658.375      9.814    13.9226   3.901461    13.9222   3.901173     2.1507     2.6320      7.979     2.5607     0.1938     100.00 1.2902e+02     0.2455   42.33672  -65.80710         12  0.000e+00
      63803   2658.417      9.706    13.9226   3.901406    13.9224   3.901173     2.1507     2.6320      7.979     2.5607     0.1938      99.98 1.2943e+02     0.2455   42.33672  -65.80710         12  0.000e+00
      63804   2658.458      9.706    13.9225   3.901442    13.9222   3.901160     2.1507     2.6320      7.979     2.5607     0.1938     100.00 1.2943e+02     0.2455   42.33672  -65.80710         12  0.000e+00
      63805   2658.500      9.908    13.9223   3.901406    13.9222   3.901160     2.1507     2.6320      7.979     2.5607     0.1938     100.00 1.2984e+02     0.2455   42.33672  -65.80710         12  0.000e+00
      63806   2658.542      9.706    13.9225   3.901461    13.9222   3.901160     2.1507     2.6320      7.979     2.5607     0.1949     100.00 1.3026e+02     0.2455   42.33672  -65.80710         12  0.000e+00
      63807   2658.583      9.814    13.9225   3.901467    13.9220   3.901160     2.1507     2.6320      7.979     2.5301     0.1949     100.00 1.3026e+02     0.2455   42.33672  -65.80710         12  0.000e+00
      63808   2658.625      9.814    13.9226   3.901479    13.9224   3.901134     2.1507     2.6320      7.979     2.5607     0.1938      99.98 1.3026e+02     0.2455   42.33672  -65.80710         12  0.000e+00
      63809   2658.667      9.706    13.9226   3.901467    13.9223   3.901173     2.1507     2.6320      7.979     2.5607     0.1949     100.00 1.3067e+02     0.2455   42.33672  -65.80710         12  0.000e+00
      63810   2658.708      9.814    13.9226   3.901461    13.9224   3.901167     2.1507     2.6320      7.979     2.5607     0.1938     100.00 1.3067e+02     0.2455   42.33672  -65.80710         12  0.000e+00
      63811   2658.750      9.814    13.9226   3.901406    13.9224   3.901160     2.1507     2.6320      7.979     2.5607     0.1949     100.00 1.3109e+02     0.2455   42.33672  -65.80710         12  0.000e+00
      63812   2658.792      9.814    13.9226   3.901443    13.9222   3.901160     2.1507     2.6320      7.979     2.5607     0.1938     100.00 1.3109e+02     0.2455   42.33672  -65.80710         12  0.000e+00
      63813   2658.833      9.814    13.9226   3.901461    13.9224   3.901160     2.1507     2.6320      7.979     2.5301     0.1938     100.00 1.3150e+02     0.2455   42.33672  -65.80710         12  0.000e+00
      63814   2658.875      9.706    13.9226   3.901479    13.9222   3.901160     2.1507     2.6308      7.979     2.5607     0.1949     100.00 1.3150e+02     0.2455   42.33672  -65.80710         12  0.000e+00
      63815   2658.917      9.814    13.9228   3.901492    13.9224   3.901134     2.1507     2.6320      7.979     2.5607     0.1949      99.98 1.3192e+02     0.2455   42.33672  -65.80710         12  0.000e+00
      63816   2658.958      9.855    13.9226   3.901467    13.9220   3.901154     2.1507     2.6320      7.979     2.5607     0.1938     100.00 1.3192e+02     0.2455   42.33672  -65.80710         12  0.000e+00
      63817   2659.000      9.706    13.9228   3.901479    13.9222   3.901134     2.1507     2.6320      7.979     2.5607     0.1938      99.98 1.3192e+02     0.2455   42.33672  -65.80710         12  0.000e+00
      63818   2659.042      9.909    13.9226   3.901492    13.9220   3.901147     2.1507     2.6320      7.979     2.5607     0.1927     100.00 1.3234e+02     0.2455   42.33672  -65.80710         12  0.000e+00
      63819   2659.083      9.706    13.9226   3.901436    13.9222   3.901160     2.1507     2.6320      7.979     2.5607     0.1938     100.00 1.3234e+02     0.2455   42.33672  -65.80710         12  0.000e+00
      63820   2659.125      9.909    13.9228   3.901473    13.9224   3.901134     2.1495     2.6320      7.979     2.5301     0.1927     100.00 1.3234e+02     0.2455   42.33672  -65.80710         12  0.000e+00
      63821   2659.167      9.814    13.9226   3.901467    13.9222   3.901154     2.1495     2.6320      7.979     2.5301     0.1938      99.98 1.3234e+02     0.3689   42.33672  -65.80710         12  0.000e+00
      63822   2659.208      9.814    13.9226   3.901430    13.9220   3.901108     2.1507     2.6320      7.979     2.5607     0.1927     100.00 1.3234e+02     0.4922   42.33672  -65.80712         12  0.000e+00
      63823   2659.250      9.814    13.9228   3.901449    13.9222   3.901140     2.1507     2.6320      7.979     2.5607     0.1938      99.98 1.3234e+02     0.6155   42.33672  -65.80712         12  0.000e+00
      63824   2659.292      9.814    13.9226   3.901461    13.9222   3.901134     2.1507     2.6320      7.979     2.5607     0.1927      99.98 1.3276e+02     0.6155   42.33672  -65.80712         12  0.000e+00
      63825   2659.333      9.815    13.9226   3.901479    13.9220   3.901127     2.1495     2.6320      7.979     2.5607     0.1927     100.00 1.3276e+02     0.4922   42.33672  -65.80712         12  0.000e+00
      63826   2659.375      9.909    13.9230   3.901492    13.9220   3.901127     2.1507     2.6320      7.979     2.5607     0.1927     100.00 1.3276e+02     0.4922   42.33672  -65.80712         12  0.000e+00
      63827   2659.417      9.815    13.9228   3.901492    13.9220   3.901127     2.1495     2.6320      7.979     2.5607     0.1938      99.98 1.3319e+02     0.4922   42.33672  -65.80712         12  0.000e+00
      63828   2659.458      9.909    13.9228   3.901492    13.9219   3.901068     2.1495     2.6320      7.979     2.5301     0.1938     100.00 1.3276e+02     0.4922   42.33672  -65.80712         12  0.000e+00
      63829   2659.500      9.815    13.9231   3.901492    13.9217   3.901108     2.1495     2.6320      7.979     2.4996     0.1927     100.00 1.3319e+02     0.4922   42.33672  -65.80712         12  0.000e+00
      63830   2659.542      9.707    13.9230   3.901492    13.9217   3.901055     2.1507     2.6320      7.979     2.4691     0.1927     100.00 1.3319e+02     0.4922   42.33672  -65.80712         12  0.000e+00
      63831   2659.583     10.004    13.9228   3.901492    13.9216   3.900996     2.1495     2.6320      7.979     2.4386     0.1927     100.00 1.3319e+02     0.4922   42.33672  -65.80712         12  0.000e+00
      63832   2659.625      9.815    13.9231   3.901492    13.9212   3.901009     2.1495     2.6320      7.979     2.4386     0.1927      99.98 1.3319e+02     0.4922   42.33672  -65.80712         12  0.000e+00
      63833   2659.667      9.815    13.9230   3.901492    13.9212   3.901022     2.1495     2.6320      7.979     2.4691     0.1927      99.98 1.3361e+02     0.4922   42.33672  -65.80712         12  0.000e+00
      63834   2659.708      9.909    13.9233   3.901492    13.9209   3.900996     2.1507     2.6320      7.979     2.4691     0.1938     100.00 1.3319e+02     0.4922   42.33672  -65.80712         12  0.000e+00
      63835   2659.750      9.815    13.9230   3.901492    13.9207   3.900990     2.1507     2.6308      7.979     2.4386     0.1938      99.98 1.3319e+02     0.4922   42.33672  -65.80712         12  0.000e+00
      63836   2659.792      9.909    13.9231   3.901492    13.9207   3.900963     2.1495     2.6308      7.979     2.4386     0.1938     100.00 1.3319e+02     0.6155   42.33672  -65.80712         12  0.000e+00
      63837   2659.833      9.909    13.9231   3.901492    13.9205   3.900957     2.1507     2.6308      7.979     2.4691     0.1927     100.00 1.3361e+02     0.4922   42.33672  -65.80712         12  0.000e+00
      63838   2659.875      9.909    13.9233   3.901492    13.9202   3.900924     2.1507     2.6308      7.979     2.4691     0.1927      99.98 1.3361e+02     0.4922   42.33672  -65.80712         12  0.000e+00
      63839   2659.917      9.815    13.9230   3.901492    13.9205   3.900950     2.1507     2.6308      7.979     2.4691     0.1927     100.00 1.3361e+02     0.6155   42.33672  -65.80712         12  0.000e+00
      63840   2659.958      9.815    13.9231   3.901492    13.9202   3.900983     2.1495     2.6308      7.979     2.4691     0.1927     100.00 1.3361e+02     0.4922   42.33672  -65.80712         12  0.000e+00
      63841   2660.000      9.909    13.9230   3.901492    13.9202   3.900990     2.1507     2.6308      7.979     2.4691     0.1927     100.00 1.3404e+02     0.4922   42.33672  -65.80712         12  0.000e+00
      63842   2660.042      9.909    13.9230   3.901516    13.9204   3.900990     2.1507     2.6308      7.979     2.4691     0.1927     100.00 1.3404e+02     0.6155   42.33672  -65.80712         12  0.000e+00
      63843   2660.083      9.855    13.9231   3.901473    13.9202   3.901009     2.1507     2.6308      7.979     2.4691     0.1927     100.00 1.3446e+02     0.4922   42.33672  -65.80712         12  0.000e+00
      63844   2660.125      9.815    13.9231   3.901510    13.9205   3.901055     2.1507     2.6308      7.979     2.4386     0.1927     100.00 1.3446e+02     0.4922   42.33672  -65.80712         12  0.000e+00
      63845   2660.167      9.909    13.9230   3.901529    13.9207   3.901088     2.1507     2.6308      7.979     2.4691     0.1927     100.00 1.3489e+02     0.4922   42.33672  -65.80712         12  0.000e+00
      63846   2660.208      9.909    13.9228   3.901498    13.9209   3.901095     2.1507     2.6308      7.979     2.4691     0.1927     100.00 1.3489e+02     0.4922   42.33672  -65.80710         12  0.000e+00
      63847   2660.250      9.815    13.9230   3.901467    13.9212   3.901114     2.1507     2.6295      7.979     2.4691     0.1927     100.00 1.3532e+02     0.7388   42.33672  -65.80710         12  0.000e+00
      63848   2660.292      9.909    13.9228   3.901510    13.9212   3.901147     2.1507     2.6308      7.979     2.4691     0.1927     100.00 1.3532e+02     0.9855   42.33672  -65.80710         12  0.000e+00
      63849   2660.333      9.815    13.9228   3.901473    13.9216   3.901160     2.1507     2.6308      7.979     2.4691     0.1927     100.00 1.3532e+02     0.9855   42.33672  -65.80710         12  0.000e+00
      63850   2660.375      9.910    13.9228   3.901479    13.9217   3.901108     2.1507     2.6295      7.979     2.4691     0.1927      99.98 1.3575e+02     0.9855   42.33672  -65.80710         12  0.000e+00
      65901   2745.833      7.080    13.9423   3.903077    13.9421   3.902675     2.1507     2.6319      7.984     2.3775     0.1971     100.00 2.0263e+02     1.1088   42.33672  -65.80710         13  0.000e+00
      65902   2745.875      7.053    13.9423   3.903077    13.9418   3.902662     2.1507     2.6319      7.984     2.3775     0.1971     100.00 2.0263e+02     1.1088   42.33672  -65.80710         13  0.000e+00
      65903   2745.917      7.350    13.9429   3.903145    13.9418   3.902636     2.1495     2.6319      7.979     2.3775     0.1971     100.00 2.0199e+02     1.1088   42.33672  -65.80710         13  0.000e+00
      65904   2745.958      7.242    13.9431   3.903120    13.9416   3.902656     2.1507     2.6319      7.984     2.3775     0.1971     100.00 2.0199e+02     1.1088   42.33672  -65.80710         13  0.000e+00
      65905   2746.000      7.147    13.9431   3.903108    13.9414   3.902688     2.1507     2.6319      7.979     2.3775     0.1981     100.00 2.0134e+02     1.1088   42.33672  -65.80710         13  0.000e+00
      65906   2746.042      7.242    13.9433   3.903132    13.9416   3.902774     2.1507     2.6332      7.984     2.3470     0.1971      99.90 2.0071e+02     1.1088   42.33672  -65.80710         13  0.000e+00
      65907   2746.083      7.147    13.9437   3.903219    13.9419   3.902853     2.1495     2.6332      7.979     2.3775     0.1981      99.95 2.0007e+02     1.1088   42.33672  -65.80710         13  0.000e+00
      65908   2746.125      7.350    13.9442   3.903299    13.9421   3.902892     2.1495     2.6332      7.979     2.3775     0.1981      99.98 1.9943e+02     1.1088   42.33672  -65.80710         13  0.000e+00
      65909   2746.167      7.350    13.9446   3.903317    13.9426   3.902905     2.1507     2.6332      7.979     2.3775     0.1971     100.00 1.9817e+02     1.1088   42.33672  -65.80710         13  0.000e+00
      65910   2746.208      7.350    13.9451   3.903286    13.9424   3.902879     2.1507     2.6332      7.979     2.3775     0.1971      99.98 1.9754e+02     1.1088   42.33672  -65.80710         13  0.000e+00
      65911   2746.250      7.350    13.9453   3.903280    13.9426   3.902813     2.1519     2.6332      7.979     2.3775     0.1971      99.98 1.9691e+02     1.1088   42.33672  -65.80710         13  0.000e+00
      65912   2746.292      7.242    13.9452   3.903354    13.9426   3.902800     2.1519     2.6332      7.984     2.3470     0.1971     100.00 1.9629e+02     1.1088   42.33672  -65.80710         13  0.000e+00
      65913   2746.333      7.552    13.9456   3.903354    13.9424   3.902800     2.1519     2.6332      7.979     2.3775     0.1971     100.00 1.9504e+02     1.1088   42.33672  -65.80710         13  0.000e+00
      65914   2746.375      7.350    13.9458   3.903372    13.9424   3.902800     2.1519     2.6332      7.984     2.3470     0.1971      99.98 1.9443e+02     0.9855   42.33672  -65.80710         13  0.000e+00
      65915   2746.417      7.390    13.9458   3.903385    13.9424   3.902800     2.1519     2.6332      7.984     2.3775     0.1981     100.00 1.9319e+02     0.9855   42.33672  -65.80710         13  0.000e+00
      65916   2746.458      7.552    13.9460   3.903403    13.9426   3.902826     2.1519     2.6332      7.979     2.3775     0.1981      99.98 1.9258e+02     0.9855   42.33672  -65.80710         13  0.000e+00
      65917   2746.500      7.444    13.9462   3.903360    13.9428   3.902840     2.1519     2.6344      7.979     2.3775     0.1960      99.98 1.9136e+02     0.9855   42.33672  -65.80710         13  0.000e+00
      65918   2746.542      7.552    13.9461   3.903397    13.9430   3.902964     2.1507     2.6332      7.984     2.3775     0.1960     100.00 1.8954e+02     0.9855   42.33672  -65.80710         13  0.000e+00
      65919   2746.583      7.552    13.9461   3.903415    13.9434   3.903010     2.1519     2.6332      7.984     2.3470     0.1960      99.98 1.8834e+02     0.9855   42.33672  -65.80710         13  0.000e+00
      65920   2746.625      7.647    13.9463   3.903391    13.9439   3.903056     2.1519     2.6344      7.984     2.3775     0.1960      99.98 1.8655e+02     0.9855   42.33672  -65.80710         13  0.000e+00
      65921   2746.667      7.552    13.9463   3.903385    13.9443   3.903122     2.1519     2.6332      7.984     2.3775     0.1960     100.00 1.8537e+02     0.9855   42.33672  -65.80710         13  0.000e+00
