core/tests/sample_data/JC243a006.ROS
* Sea-Bird SBE 9 Data File:
* FileName = C:\Users\sandm\Documents\Cruises\JC243\Data\CTD Raw Data\JC243a006.hdr
* Software Version Seasave V 7.26.7.121
* Temperature SN = 4816
* Conductivity SN = 3567
* Number of Bytes Per Scan = 37
* Number of Voltage Words = 4
* Number of Scans Averaged by the Deck Unit = 1
* NMEA Latitude = 42 20.20 N
* NMEA Longitude = 065 48.43 W
* NMEA UTC (Time) = Oct 04 2022  14:03:38
** Ship: RRS JAMES COOK
** Cruise: JC24301
** Chief_Scientist: LINDSAY BEAZLEY
** Organization: NOC
** Area_of_Operation: SCOTIAN SHELF
** Cruise_Description: ATLANTIC ZONE MONITORING PROGRAM (AZMP)
** Station_Name: NEC_02
** Event_Number: 006
** Sounding: 203
** Event_Comments: NEC_02, 495290
# nquan = 19
# nvalues = 1176                                  
# units = specified
# name 0 = scan: Scan Count
# name 1 = timeS: Time, Elapsed [seconds]
# name 2 = prDM: Pressure, Digiquartz [db]
# name 3 = t090C: Temperature [ITS-90, deg C]
# name 4 = c0S/m: Conductivity [S/m]
# name 5 = t190C: Temperature, 2 [ITS-90, deg C]
# name 6 = c1S/m: Conductivity, 2 [S/m]
# name 7 = sbeox0V: Oxygen raw, SBE 43 [V]
# name 8 = sbeox1V: Oxygen raw, SBE 43, 2 [V]
# name 9 = ph: pH
# name 10 = flECO-AFL: Fluorescence, WET Labs ECO-AFL/FL [mg/m^3]
# name 11 = CStarAt0: Beam Attenuation, WET Labs C-Star [1/m]
# name 12 = altM: Altimeter [m]
# name 13 = par/log: PAR/Logarithmic, Satlantic [umol photons/m2/s]
# name 14 = wetCDOM: Fluorescence, WET Labs CDOM [mg/m^3]
# name 15 = latitude: Latitude [deg]
# name 16 = longitude: Longitude [deg]
# name 17 = nbf: Bottles Fired
# name 18 = flag:  0.000e+00
# interval = seconds: 0.0416667
# start_time = Oct 04 2022 14:03:38 [NMEA time, header]
# bad_flag = -9.990e-29
*END*
[from data line 1143]
      69336   2888.958      8.471    13.9452   3.903317    13.9451   3.903050     2.1556     2.6319      7.979     2.6217     0.1927     100.00 1.5713e+02     0.8621   42.33670  -65.80718         24  0.000e+00
      69337   2889.000      8.579    13.9449   3.903287    13.9453   3.903043     2.1543     2.6319      7.984     2.6217     0.1927     100.00 1.5713e+02     0.8621   42.33670  -65.80718         24  0.000e+00
      69338   2889.042      8.606    13.9448   3.903250    13.9456   3.903043     2.1556     2.6319      7.979     2.6217     0.1927      99.98 1.5663e+02     0.8621   42.33670  -65.80718         24  0.000e+00
      69339   2889.083      8.471    13.9448   3.903268    13.9456   3.903043     2.1543     2.6319      7.984     2.5912     0.1927     100.00 1.5713e+02     0.8621   42.33670  -65.80718         24  0.000e+00
      69340   2889.125      8.673    13.9448   3.903250    13.9458   3.903063     2.1543     2.6319      7.984     2.6217     0.1927      99.98 1.5663e+02     0.6155   42.33670  -65.80718         24  0.000e+00
      69341   2889.167      8.471    13.9447   3.903268    13.9458   3.903050     2.1543     2.6319      7.979     2.6217     0.1927      99.98 1.5713e+02     0.6155   42.33670  -65.80718         24  0.000e+00
      69342   2889.208      8.579    13.9446   3.903250    13.9461   3.903043     2.1543     2.6319      7.979     2.6217     0.1927     100.00 1.5713e+02     0.4922   42.33670  -65.80718         24  0.000e+00
      69343   2889.250      8.579    13.9444   3.903244    13.9459   3.903043     2.1543     2.6319      7.984     2.5912     0.1927     100.00 1.5763e+02     0.4922   42.33670  -65.80718         24  0.000e+00
      69344   2889.292      8.579    13.9446   3.903244    13.9459   3.903043     2.1531     2.6319      7.979     2.6217     0.1927     100.00 1.5763e+02     0.6155   42.33670  -65.80718         24  0.000e+00
      69345   2889.333      8.579    13.9446   3.903244    13.9458   3.903017     2.1543     2.6319      7.984     2.5912     0.1927      99.98 1.5813e+02     0.4922   42.33670  -65.80718         24  0.000e+00
      69346   2889.375      8.471    13.9446   3.903268    13.9455   3.903030     2.1543     2.6319      7.984     2.5912     0.1927      99.98 1.5863e+02     0.4922   42.33670  -65.80718         24  0.000e+00
      69347   2889.417      8.579    13.9446   3.903225    13.9458   3.902984     2.1531     2.6319      7.984     2.6217     0.1938     100.00 1.5914e+02     0.6155   42.33670  -65.80718         24  0.000e+00
      69348   2889.458      8.579    13.9444   3.903231    13.9453   3.902945     2.1543     2.6331      7.984     2.6217     0.1927     100.00 1.5965e+02     0.4922   42.33670  -65.80718         24  0.000e+00
      69349   2889.500      8.673    13.9444   3.903244    13.9453   3.902965     2.1531     2.6319      7.984     2.5912     0.1927     100.00 1.6015e+02     0.4922   42.33670  -65.80718         24  0.000e+00
      69350   2889.542      8.471    13.9444   3.903219    13.9453   3.902971     2.1543     2.6319      7.984     2.6217     0.1927     100.00 1.6066e+02     0.6155   42.33670  -65.80718         24  0.000e+00
      69351   2889.583      8.579    13.9444   3.903231    13.9453   3.902998     2.1543     2.6331      7.984     2.6217     0.1949     100.00 1.6118e+02     0.4922   42.33670  -65.80718         24  0.000e+00
      69352   2889.625      8.579    13.9444   3.903219    13.9449   3.903057     2.1543     2.6331      7.984     2.5607     0.1960     100.00 1.6169e+02     0.4922   42.33670  -65.80718         24  0.000e+00
      69353   2889.667      8.471    13.9444   3.903213    13.9451   3.903024     2.1543     2.6331      7.984     2.4691     0.1992     100.00 1.6220e+02     0.6155   42.33670  -65.80718         24  0.000e+00
      69354   2889.708      8.579    13.9443   3.903231    13.9449   3.903011     2.1543     2.6331      7.984     2.4386     0.1949      99.98 1.6272e+02     0.4922   42.33670  -65.80718         24  0.000e+00
      69355   2889.750      8.471    13.9446   3.903219    13.9453   3.903030     2.1531     2.6331      7.984     2.4386     0.1949     100.00 1.6324e+02     0.4922   42.33670  -65.80718         24  0.000e+00
      69356   2889.792      8.606    13.9443   3.903213    13.9454   3.903043     2.1531     2.6331      7.984     2.4691     0.1938     100.00 1.6324e+02     0.4922   42.33670  -65.80718         24  0.000e+00
      69357   2889.833      8.471    13.9441   3.903207    13.9453   3.903043     2.1543     2.6331      7.979     2.4386     0.1949     100.00 1.6376e+02     0.4922   42.33670  -65.80718         24  0.000e+00
      69358   2889.875      8.471    13.9439   3.903207    13.9453   3.903043     2.1531     2.6331      7.984     2.4386     0.1949      99.98 1.6376e+02     0.4922   42.33670  -65.80718         24  0.000e+00
      69359   2889.917      8.579    13.9440   3.903213    13.9453   3.903043     2.1543     2.6331      7.984     2.4691     0.1949     100.00 1.6376e+02     0.6155   42.33670  -65.80718         24  0.000e+00
      69360   2889.958      8.471    13.9439   3.903213    13.9453   3.903017     2.1543     2.6331      7.979     2.4386     0.1960      99.98 1.6428e+02     0.6155   42.33670  -65.80718         24  0.000e+00
      69361   2890.000      8.579    13.9439   3.903182    13.9453   3.902978     2.1543     2.6331      7.984     2.4386     0.1949     100.00 1.6428e+02     0.4922   42.33670  -65.80718         24  0.000e+00
      69362   2890.042      8.377    13.9439   3.903201    13.9451   3.902971     2.1543     2.6331      7.979     2.4691     0.1949     100.00 1.6428e+02     0.4922   42.33670  -65.80718         24  0.000e+00
      69363   2890.083      8.471    13.9439   3.903213    13.9447   3.902945     2.1531     2.6343      7.979     2.4691     0.1960      99.98 1.6480e+02     0.4922   42.33670  -65.80718         24  0.000e+00
      69364   2890.125      8.471    13.9437   3.903213    13.9449   3.902965     2.1531     2.6331      7.984     2.4691     0.1938     100.00 1.6533e+02     0.4922   42.33670  -65.80718         24  0.000e+00
      69365   2890.167      8.471    13.9439   3.903158    13.9449   3.902945     2.1531     2.6331      7.984     2.4386     0.1960     100.00 1.6533e+02     0.4922   42.33670  -65.80718         24  0.000e+00
      69366   2890.208      8.377    13.9437   3.903114    13.9447   3.902938     2.1531     2.6331      7.979     2.4691     0.1960      99.98 1.6533e+02     0.4922   42.33670  -65.80718         24  0.000e+00
      69367   2890.250      8.377    13.9435   3.903108    13.9447   3.902938     2.1531     2.6331      7.979     2.4691     0.1949     100.00 1.6585e+02     0.3689   42.33670  -65.80718         24  0.000e+00
      69368   2890.292      8.579    13.9434   3.903108    13.9446   3.902938     2.1543     2.6331      7.979     2.4691     0.1949      99.98 1.6638e+02     0.3689   42.33670  -65.80718         24  0.000e+00
