core/tests/sample_data/JC243a006.ROS
* Sea-Bird SBE 9 Data File:
* FileName = C:\Users\sandm\Documents\Cruises\JC243\Data\CTD Raw Data\JC243a006.hdr
* Software Version Seasave V 7.26.7.121
* Temperature SN = 4816
* Conductivity SN = 3567
* Number of Bytes Per Scan = 37
* Number of Voltage Words = 4
* Number of Scans Averaged by the Deck Unit = 1
* NMEA Latitude = 42 20.20 N
* NMEA Longitude = 065 48.43 W
* NMEA UTC (Time) = Oct 04 2022  14:03:38
** Ship: RRS JAMES COOK
** Cruise: JC24301
** Chief_Scientist: LINDSAY BEAZLEY
** Organization: NOC
** Area_of_Operation: SCOTIAN SHELF
** Cruise_Description: ATLANTIC ZONE MONITORING PROGRAM (AZMP)
** Station_Name: NEC_02
** Event_Number: 006
** Sounding: 203
** Event_Comments: NEC_02, 495290
# nquan = 19
# nvalues = 1176                                  
# units = specified
# name 0 = scan: Scan Count
# name 1 = timeS: Time, Elapsed [seconds]
# name 2 = prDM: Pressure, Digiquartz [db]
# name 3 = t090C: Temperature [ITS-90, deg C]
# name 4 = c0S/m: Conductivity [S/m]
# name 5 = t190C: Temperature, 2 [ITS-90, deg C]
# name 6 = c1S/m: Conductivity, 2 [S/m]
# name 7 = sbeox0V: Oxygen raw, SBE 43 [V]
# name 8 = sbeox1V: Oxygen raw, SBE 43, 2 [V]
# name 9 = ph: pH
# name 10 = flECO-AFL: Fluorescence, WET Labs ECO-AFL/FL [mg/m^3]
# name 11 = CStarAt0: Beam Attenuation, WET Labs C-Star [1/m]
# name 12 = altM: Altimeter [m]
# name 13 = par/log: PAR/Logarithmic, Satlantic [umol photons/m2/s]
# name 14 = wetCDOM: Fluorescence, WET Labs CDOM [mg/m^3]
# name 15 = latitude: Latitude [deg]
# name 16 = longitude: Longitude [deg]
# name 17 = nbf: Bottles Fired
# name 18 = flag:  0.000e+00
# interval = seconds: 0.0416667
# start_time = Oct 04 2022 14:03:38 [NMEA time, header]
# bad_flag = -9.990e-29
*END*
      34716   1446.458    197.542     9.8316   3.828183     9.8306   3.827846     1.4347     1.6948      7.781     0.3629     0.0491       4.57 5.0185e-02     0.8621   42.33672  -65.80712          1  0.000e+00
      34717   1446.500    197.650     9.8317   3.828164     9.8307   3.827813     1.4347     1.6948      7.781     0.3934     0.0491       4.54 5.0185e-02     0.8621   42.33672  -65.80712          1  0.000e+00
      34718   1446.542    197.542     9.8318   3.828158     9.8306   3.827820     1.4347     1.6948      7.781     0.3934     0.0480       4.54 5.0185e-02     0.8621   42.33672  -65.80712          1  0.000e+00
      34719   1446.583    197.650     9.8318   3.828183     9.8303   3.827781     1.4347     1.6948      7.781     0.3629     0.0480       4.54 5.0185e-02     0.8621   42.33672  -65.80712          1  0.000e+00
      34720   1446.625    197.569     9.8320   3.828195     9.8304   3.827787     1.4347     1.6948      7.781     0.3934     0.0428       4.54 5.0185e-02     0.8621   42.33672  -65.80712          1  0.000e+00
      34721   1446.667    197.542     9.8318   3.828164     9.8302   3.827794     1.4347     1.6948      7.781     0.3934     0.0396       4.54 5.0185e-02     0.8621   42.33672  -65.80712          1  0.000e+00
      34722   1446.708    197.542     9.8318   3.828195     9.8300   3.827820     1.4347     1.6948      7.781     0.3934     0.0396       4.54 5.0185e-02     0.8621   42.33672  -65.80712          1  0.000e+00
      34723   1446.750    197.542     9.8318   3.828171     9.8302   3.827826     1.4335     1.6948      7.781     0.3629     0.0396       4.52 5.0185e-02     0.8621   42.33672  -65.80712          1  0.000e+00
      34724   1446.792    197.677     9.8316   3.828183     9.8302   3.827781     1.4347     1.6948      7.781     0.3934     0.0396       4.52 5.0185e-02     0.8621   42.33672  -65.80712          1  0.000e+00
      34725   1446.833    197.542     9.8317   3.828195     9.8302   3.827807     1.4335     1.6948      7.781     0.3934     0.0438       4.52 5.0185e-02     0.8621   42.33672  -65.80712          1  0.000e+00
      34726   1446.875    197.650     9.8318   3.828213     9.8302   3.827800     1.4347     1.6948      7.781     0.3934     0.0396       4.52 5.0185e-02     0.8621   42.33672  -65.80712          1  0.000e+00
      34727   1446.917    197.650     9.8317   3.828201     9.8302   3.827820     1.4347     1.6948      7.781     0.3934     0.0396       4.52 5.0185e-02     0.8621   42.33672  -65.80712          1  0.000e+00
      34728   1446.958    197.474     9.8320   3.828195     9.8300   3.827800     1.4335     1.6948      7.781     0.3934     0.0396       4.52 5.0185e-02     0.8621   42.33672  -65.80712          1  0.000e+00
      34729   1447.000    197.650     9.8318   3.828195     9.8302   3.827840     1.4347     1.6948      7.781     0.3629     0.0396       4.52 5.0185e-02     0.8621   42.33672  -65.80712          1  0.000e+00
      34730   1447.042    197.542     9.8318   3.828164     9.8302   3.827859     1.4335     1.6948      7.777     0.3934     0.0396       4.49 5.0185e-02     0.8621   42.33672  -65.80712          1  0.000e+00
      34731   1447.083    197.542     9.8317   3.828158     9.8300   3.827807     1.4347     1.6948      7.781     0.3629     0.0396       4.49 5.0185e-02     0.8621   42.33672  -65.80712          1  0.000e+00
      34732   1447.125    197.542     9.8316   3.828158     9.8304   3.827820     1.4347     1.6948      7.781     0.3934     0.0396       4.49 5.0185e-02     0.8621   42.33672  -65.80712          1  0.000e+00
      34733   1447.167    197.677     9.8318   3.828183     9.8302   3.827853     1.4347     1.6948      7.781     0.3934     0.0396       4.49 5.0185e-02     0.8621   42.33672  -65.80712          1  0.000e+00
      34734   1447.208    197.542     9.8318   3.828164     9.8302   3.827833     1.4335     1.6948      7.781     0.3934     0.0417       4.52 5.0185e-02     0.8621   42.33672  -65.80712          1  0.000e+00
      34735   1447.250    197.447     9.8318   3.828195     9.8304   3.827879     1.4335     1.6948      7.781     0.3934     0.0396       4.52 5.0185e-02     0.8621   42.33672  -65.80712          1  0.000e+00
      34736   1447.292    197.447     9.8318   3.828170     9.8304   3.827865     1.4347     1.6960      7.781     0.3934     0.0396       4.52 5.0185e-02     0.4922   42.33672  -65.80712          1  0.000e+00
      34737   1447.333    197.677     9.8317   3.828183     9.8302   3.827840     1.4335     1.6948      7.781     0.3934     0.0396       4.49 5.0185e-02     0.3689   42.33672  -65.80712          1  0.000e+00
      34738   1447.375    197.542     9.8316   3.828195     9.8304   3.827826     1.4347     1.6948      7.781     0.3934     0.0396       4.49 5.0185e-02     0.2455   42.33672  -65.80712          1  0.000e+00
      34739   1447.417    197.650     9.8317   3.828164     9.8303   3.827846     1.4335     1.6948      7.781     0.3629     0.0407       4.49 5.0185e-02     0.3689   42.33672  -65.80712          1  0.000e+00
      34740   1447.458    197.542     9.8317   3.828183     9.8306   3.827839     1.4347     1.6948      7.781     0.3934     0.0438       4.52 5.0185e-02     0.3689   42.33672  -65.80712          1  0.000e+00
      34741   1447.500    197.541     9.8318   3.828195     9.8304   3.827826     1.4347     1.6948      7.781     0.3934     0.0459       4.52 5.0185e-02     0.3689   42.33672  -65.80712          1  0.000e+00
      34742   1447.542    197.474     9.8318   3.828164     9.8306   3.827826     1.4347     1.6948      7.781     0.3934     0.0459       4.52 5.0185e-02     0.3689   42.33672  -65.80712          1  0.000e+00
      34743   1447.583    197.541     9.8318   3.828183     9.8304   3.827826     1.4347     1.6948      7.781     0.3934     0.0459       4.52 5.0185e-02     0.3689   42.33672  -65.80712          1  0.000e+00
      34744   1447.625    197.650     9.8317   3.828195     9.8303   3.827826     1.4335     1.6960      7.781     0.3934     0.0459       4.52 5.0185e-02     0.3689   42.33672  -65.80712          1  0.000e+00
      34745   1447.667    197.650     9.8318   3.828164     9.8304   3.827826     1.4347     1.6948      7.781     0.3629     0.0459       4.52 5.0185e-02     0.3689   42.33672  -65.80712          1  0.000e+00
      34746   1447.708    197.568     9.8318   3.828158     9.8304   3.827853     1.4335     1.6948      7.781     0.3934     0.0459       4.52 5.0185e-02     0.3689   42.33672  -65.80712          1  0.000e+00
      34747   1447.750    197.541     9.8316   3.828116     9.8304   3.827839     1.4347     1.6948      7.781     0.3629     0.0459       4.52 5.0185e-02     0.3689   42.33672  -65.80712          1  0.000e+00
      34748   1447.792    197.541     9.8317   3.828140     9.8304   3.827826     1.4347     1.6960      7.777     0.3934     0.0459       4.52 5.0185e-02     0.3689   42.33672  -65.80712          1  0.000e+00
      34749   1447.833    197.541     9.8311   3.828158     9.8303   3.827826     1.4347     1.6960      7.781     0.3934     0.0459       4.52 5.0185e-02     0.3689   42.33672  -65.80712          1  0.000e+00
      34750   1447.875    197.676     9.8314   3.828158     9.8300   3.827807     1.4335     1.6960      7.781     0.3934     0.0459       4.52 5.0185e-02     0.3689   42.33672  -65.80712          1  0.000e+00
      34751   1447.917    197.541     9.8313   3.828158     9.8304   3.827839     1.4347     1.6948      7.781     0.3934     0.0459       4.52 5.0185e-02     0.3689   42.33672  -65.80712          1  0.000e+00
      34752   1447.958    197.649     9.8312   3.828158     9.8302   3.827833     1.4347     1.6948      7.781     0.3934     0.0459       4.52 5.0185e-02     0.3689   42.33672  -65.80712          1  0.000e+00
      34753   1448.000    197.541     9.8313   3.828134     9.8302   3.827852     1.4347     1.6948      7.781     0.3934     0.0459       4.52 5.0185e-02     0.3689   42.33672  -65.80712          1  0.000e+00
      34754   1448.042    197.649     9.8314   3.828146     9.8302   3.827833     1.4347     1.6948      7.781     0.3629     0.0459       4.52 5.0185e-02     0.3689   42.33672  -65.80712          1  0.000e+00
      34755   1448.083    197.474     9.8316   3.828134     9.8305   3.827826     1.4335     1.6948      7.781     0.3629     0.0459       4.52 5.0185e-02     0.3689   42.33672  -65.80712          1  0.000e+00
      34756   1448.125    197.649     9.8315   3.828128     9.8300   3.827826     1.4335     1.6948      7.781     0.3934     0.0459       4.52 5.0185e-02     0.3689   42.33672  -65.80712          1  0.000e+00
      34757   1448.167    197.541     9.8315   3.828146     9.8306   3.827826     1.4347     1.6948      7.781     0.3629     0.0459       4.52 5.0185e-02     0.3689   42.33672  -65.80712          1  0.000e+00
      34758   1448.208    197.649     9.8315   3.828134     9.8304   3.827807     1.4335     1.6960      7.781     0.3629     0.0459       4.52 5.0185e-02     0.3689   42.33672  -65.80712          1  0.000e+00
      34759   1448.250    197.474     9.8311   3.828134     9.8306   3.827820     1.4335     1.6960      7.777     0.3934     0.0470       4.52 5.0185e-02     0.3689   42.33672  -65.80712          1  0.000e+00
      34760   1448.292    197.541     9.8312   3.828103     9.8303   3.827826     1.4359     1.6948      7.781     0.3934     0.0449       4.52 5.0185e-02     0.3689   42.33672  -65.80712          1  0.000e+00
      34761   1448.333    197.541     9.8311   3.828116     9.8304   3.827826     1.4347     1.6960      7.781     0.3934     0.0438       4.52 5.0185e-02     0.3689   42.33672  -65.80712          1  0.000e+00
      34762   1448.375    197.649     9.8310   3.828097     9.8304   3.827826     1.4347     1.6960      7.781     0.3934     0.0428       4.52 5.0185e-02     0.6155   42.33672  -65.80712          1  0.000e+00
      34763   1448.417    197.352     9.8311   3.828091     9.8304   3.827852     1.4347     1.6960      7.781     0.3934     0.0428       4.52 5.0185e-02     0.8621   42.33672  -65.80712          1  0.000e+00
      34764   1448.458    197.771     9.8310   3.828091     9.8304   3.827859     1.4347     1.6960      7.781     0.3934     0.0428       4.52 5.0185e-02     0.8621   42.33672  -65.80712          1  0.000e+00
      38749   1614.500    175.279     9.9582   3.839898     9.9285   3.837189     1.4373     1.6998      7.786     0.3934     0.0459      26.81 5.0185e-02     0.4922   42.33672  -65.80710          2  0.000e+00
      38750   1614.542    175.414     9.9588   3.839966     9.9290   3.837209     1.4373     1.6998      7.786     0.3934     0.0428      26.81 5.0185e-02     0.4922   42.33672  -65.80710          2  0.000e+00
      38751   1614.583    175.320     9.9598   3.840014     9.9300   3.837183     1.4373     1.6998      7.786     0.3934     0.0438      26.81 5.0185e-02     0.4922   42.33672  -65.80710          2  0.000e+00
      38752   1614.625    175.414     9.9602   3.840027     9.9301   3.837124     1.4373     1.6998      7.786     0.3934     0.0428      26.81 5.0185e-02     0.4922   42.33672  -65.80710          2  0.000e+00
      38753   1614.667    175.211     9.9599   3.840002     9.9300   3.837157     1.4385     1.6998      7.786     0.3934     0.0438      26.81 5.0185e-02     0.3689   42.33672  -65.80710          2  0.000e+00
      38754   1614.708    175.414     9.9604   3.839996     9.9305   3.837196     1.4373     1.6998      7.786     0.3934     0.0438      26.81 5.0185e-02     0.4922   42.33672  -65.80710          2  0.000e+00
      38755   1614.750    175.320     9.9607   3.840014     9.9311   3.837157     1.4373     1.6998      7.786     0.3934     0.0438      26.81 5.0185e-02     0.4922   42.33672  -65.80710          2  0.000e+00
      38756   1614.792    175.414     9.9607   3.840051     9.9316   3.837189     1.4373     1.6998      7.786     0.3934     0.0438      26.84 5.0185e-02     0.4922   42.33672  -65.80710          2  0.000e+00
      38757   1614.833    175.211     9.9599   3.840082     9.9321   3.837209     1.4373     1.6998      7.786     0.3934     0.0438      26.84 5.0185e-02     0.4922   42.33672  -65.80710          2  0.000e+00
      38758   1614.875    175.414     9.9595   3.840021     9.9331   3.837209     1.4373     1.7011      7.786     0.3934     0.0438      26.84 5.0185e-02     0.4922   42.33672  -65.80710          2  0.000e+00
      38759   1614.917    175.211     9.9595   3.839941     9.9334   3.837183     1.4373     1.6998      7.786     0.3934     0.0438      26.84 5.0185e-02     0.4922   42.33672  -65.80710          2  0.000e+00
      38760   1614.958    175.414     9.9595   3.839819     9.9329   3.837150     1.4373     1.6998      7.786     0.3934     0.0438      26.84 5.0185e-02     0.4922   42.33672  -65.80710          2  0.000e+00
      38761   1615.000    175.211     9.9586   3.839764     9.9327   3.837118     1.4373     1.6998      7.786     0.3629     0.0407      26.81 5.0185e-02     0.4922   42.33672  -65.80710          2  0.000e+00
      38762   1615.042    175.414     9.9574   3.839678     9.9321   3.837052     1.4361     1.6998      7.786     0.3629     0.0407      26.81 5.0185e-02     0.4922   42.33672  -65.80710          2  0.000e+00
      38763   1615.083    175.117     9.9566   3.839574     9.9321   3.837039     1.4385     1.6998      7.786     0.3934     0.0396      26.81 5.0185e-02     0.4922   42.33672  -65.80710          2  0.000e+00
      38764   1615.125    175.414     9.9558   3.839501     9.9318   3.836968     1.4373     1.6998      7.786     0.3934     0.0396      26.81 5.0185e-02     0.4922   42.33672  -65.80710          2  0.000e+00
      38765   1615.167    175.211     9.9551   3.839562     9.9323   3.836987     1.4361     1.6998      7.786     0.3934     0.0407      26.81 5.0185e-02     0.4922   42.33672  -65.80710          2  0.000e+00
      38766   1615.208    175.320     9.9553   3.839660     9.9321   3.836955     1.4373     1.6998      7.786     0.3934     0.0396      26.84 5.0185e-02     0.4922   42.33672  -65.80710          2  0.000e+00
      38767   1615.250    175.320     9.9564   3.839837     9.9321   3.837013     1.4373     1.6998      7.786     0.3934     0.0396      26.84 5.0185e-02     0.4922   42.33672  -65.80708          2  0.000e+00
      38768   1615.292    175.211     9.9576   3.839813     9.9321   3.837039     1.4373     1.6998      7.786     0.3629     0.0407      26.84 5.0185e-02     0.4922   42.33672  -65.80708          2  0.000e+00
      38769   1615.333    175.320     9.9576   3.839715     9.9320   3.837065     1.4373     1.6998      7.786     0.3934     0.0396      26.84 5.0185e-02     0.4922   42.33672  -65.80708          2  0.000e+00
      38770   1615.375    175.320     9.9566   3.839740     9.9320   3.837124     1.4373     1.6998      7.786     0.3934     0.0396      26.84 5.0185e-02     0.4922   42.33672  -65.80708          2  0.000e+00
      38771   1615.417    175.117     9.9564   3.839758     9.9316   3.837163     1.4373     1.6998      7.786     0.3629     0.0396      26.84 5.0185e-02     0.4922   42.33672  -65.80708          2  0.000e+00
      38772   1615.458    175.320     9.9568   3.839807     9.9320   3.837150     1.4385     1.6998      7.786     0.3934     0.0396      26.84 5.0185e-02     0.4922   42.33672  -65.80708          2  0.000e+00
      38773   1615.500    175.211     9.9570   3.839746     9.9326   3.837189     1.4385     1.6998      7.786     0.3934     0.0396      26.86 5.0185e-02     0.4922   42.33672  -65.80708          2  0.000e+00
      38774   1615.542    175.374     9.9568   3.839697     9.9324   3.837183     1.4373     1.6998      7.786     0.3934     0.0407      26.86 5.0185e-02     0.4922   42.33672  -65.80708          2  0.000e+00
      38775   1615.583    175.320     9.9564   3.839691     9.9326   3.837228     1.4385     1.6998      7.786     0.3934     0.0396      26.86 5.0185e-02     0.4922   42.33672  -65.80708          2  0.000e+00
