core/tests/sample_data/JC243a001.ROS
* Sea-Bird SBE 9 Data File:
* FileName = C:\Users\sandm\Documents\Cruises\JC243\Data\CTD Raw Data\JC243a001.hdr
* Software Version Seasave V 7.26.7.121
* Temperature SN = 4816
* Conductivity SN = 3567
* Number of Bytes Per Scan = 37
* Number of Voltage Words = 4
* Number of Scans Averaged by the Deck Unit = 1
* NMEA Latitude = 44 16.04 N
* NMEA Longitude = 063 19.04 W
* NMEA UTC (Time) = Oct 02 2022  14:19:36
** Ship: RRS JAMES COOK
** Cruise: JC24301
** Chief_Scientist: LINDSAY BEAZLEY
** Organization: NOC
** Area_of_Operation: SCOTIAN SHELF
** Cruise_Description: ATLANTIC ZONE MONITORING PROGRAM (AZMP)
** Station_Name: HL_02
** Event_Number: 001
** Sounding: 152
** Event_Comments: HL_02, 495271
# nquan = 19
# nvalues = 931                                   
# units = specified
# name 0 = scan: Scan Count
# name 1 = timeS: Time, Elapsed [seconds]
# name 2 = prDM: Pressure, Digiquartz [db]
# name 3 = t090C: Temperature [ITS-90, deg C]
# name 4 = c0S/m: Conductivity [S/m]
# name 5 = t190C: Temperature, 2 [ITS-90, deg C]
# name 6 = c1S/m: Conductivity, 2 [S/m]
# name 7 = sbeox0V: Oxygen raw, SBE 43 [V]
# name 8 = sbeox1V: Oxygen raw, SBE 43, 2 [V]
# name 9 = ph: pH
# name 10 = flECO-AFL: Fluorescence, WET Labs ECO-AFL/FL [mg/m^3]
# name 11 = CStarAt0: Beam Attenuation, WET Labs C-Star [1/m]
# name 12 = altM: Altimeter [m]
# name 13 = par/log: PAR/Logarithmic, Satlantic [umol photons/m2/s]
# name 14 = wetCDOM: Fluorescence, WET Labs CDOM [mg/m^3]
# name 15 = latitude: Latitude [deg]
# name 16 = longitude: Longitude [deg]
# name 17 = nbf: Bottles Fired
# name 18 = flag:  0.000e+00
# interval = seconds: 0.0416667
# start_time = Oct 02 2022 14:19:36 [NMEA time, header]
# bad_flag = -9.990e-29
*END*
[from data line 534]
      45233   1884.667     32.184    14.6661   3.815699    14.6557   3.815350     2.0774     2.5257      7.940     2.3165     0.1202     100.00 8.9605e+00     0.6155   44.26738  -63.31732         11  0.000e+00
      45234   1884.708     32.184    14.6658   3.815638    14.6549   3.815291     2.0774     2.5257      7.940     2.3165     0.1202     100.00 8.9605e+00     0.6155   44.26738  -63.31732         11  0.000e+00
      45235   1884.750     32.184    14.6650   3.815510    14.6542   3.815252     2.0774     2.5244      7.940     2.3775     0.1202     100.00 8.9891e+00     0.6155   44.26738  -63.31732         11  0.000e+00
      45236   1884.792     32.224    14.6640   3.815388    14.6536   3.815298     2.0774     2.5244      7.940     2.3775     0.1202      99.98 8.9891e+00     0.6155   44.26738  -63.31732         11  0.000e+00
      45237   1884.833     32.278    14.6633   3.815364    14.6532   3.815285     2.0774     2.5257      7.940     2.3775     0.1213      99.98 8.9891e+00     0.6155   44.26738  -63.31732         11  0.000e+00
      48398   2016.542     21.632    15.0341   3.801627    14.9952   3.802651     2.1421     2.6124      7.976     2.1944     0.1288      99.98 4.7248e+01     1.2321   44.26740  -63.31734         12  0.000e+00
      48399   2016.583     21.740    15.0326   3.801682    14.9977   3.802787     2.1421     2.6124      7.976     2.1944     0.1321     100.00 4.7399e+01     1.2321   44.26740  -63.31734         12  0.000e+00
      48400   2016.625     21.430    15.0319   3.801779    14.9979   3.803151     2.1421     2.6124      7.976     2.1944     0.1331     100.00 4.7550e+01     1.2321   44.26740  -63.31734         12  0.000e+00
      48401   2016.667     21.538    15.0289   3.801816    14.9927   3.803710     2.1421     2.6124      7.976     2.1944     0.1321     100.00 4.7550e+01     1.2321   44.26740  -63.31734         12  0.000e+00
      48402   2016.708     21.632    15.0258   3.801834    14.9850   3.804289     2.1409     2.6124      7.976     2.1638     0.1310     100.00 4.7550e+01     1.2321   44.26740  -63.31734         12  0.000e+00
      48403   2016.750     21.740    15.0242   3.801889    14.9784   3.804607     2.1409     2.6124      7.976     2.1638     0.1321     100.00 4.7701e+01     1.2321   44.26740  -63.31734         12  0.000e+00
      48404   2016.792     21.538    15.0249   3.801864    14.9732   3.804847     2.1409     2.6124      7.976     2.1333     0.1321     100.00 4.7853e+01     1.2321   44.26740  -63.31734         12  0.000e+00
      48405   2016.833     21.538    15.0265   3.801889    14.9688   3.805127     2.1397     2.6124      7.976     2.1638     0.1321     100.00 4.7853e+01     1.2321   44.26740  -63.31734         12  0.000e+00
      48406   2016.875     21.538    15.0264   3.801889    14.9665   3.805380     2.1409     2.6124      7.976     2.1638     0.1321     100.00 4.8005e+01     1.2321   44.26740  -63.31734         12  0.000e+00
      48407   2016.917     21.632    15.0251   3.801980    14.9638   3.805413     2.1409     2.6124      7.976     2.1638     0.1321     100.00 4.8158e+01     1.2321   44.26740  -63.31734         12  0.000e+00
      48408   2016.958     21.632    15.0251   3.802059    14.9622   3.805329     2.1409     2.6124      7.976     2.1638     0.1321     100.00 4.8158e+01     1.2321   44.26740  -63.31734         12  0.000e+00
      48409   2017.000     21.592    15.0247   3.802132    14.9644   3.805231     2.1397     2.6124      7.980     2.1333     0.1299     100.00 4.8312e+01     1.2321   44.26740  -63.31734         12  0.000e+00
      48410   2017.042     21.538    15.0244   3.802193    14.9675   3.805075     2.1409     2.6124      7.976     2.1638     0.1321     100.00 4.8312e+01     1.2321   44.26740  -63.31734         12  0.000e+00
      48411   2017.083     21.632    15.0241   3.802339    14.9690   3.805114     2.1409     2.6124      7.980     2.1638     0.1321     100.00 4.8312e+01     1.2321   44.26740  -63.31734         12  0.000e+00
      48412   2017.125     21.632    15.0230   3.802461    14.9663   3.805290     2.1397     2.6124      7.976     2.1638     0.1321     100.00 4.8465e+01     1.2321   44.26740  -63.31734         12  0.000e+00
      48413   2017.167     21.632    15.0210   3.802583    14.9619   3.805465     2.1409     2.6124      7.976     2.1638     0.1321      99.98 4.8465e+01     1.2321   44.26740  -63.31734         12  0.000e+00
      48414   2017.208     21.538    15.0193   3.802747    14.9582   3.805608     2.1397     2.6124      7.976     2.1638     0.1321     100.00 4.8620e+01     1.2321   44.26740  -63.31734         12  0.000e+00
      48415   2017.250     21.430    15.0129   3.802887    14.9548   3.805686     2.1397     2.6124      7.976     2.1333     0.1310      99.98 4.8620e+01     1.2321   44.26740  -63.31734         12  0.000e+00
      48416   2017.292     21.632    15.0048   3.803076    14.9519   3.805608     2.1397     2.6124      7.976     2.1333     0.1321      99.98 4.8774e+01     1.2321   44.26740  -63.31734         12  0.000e+00
      48417   2017.333     21.632    14.9978   3.803301    14.9511   3.805472     2.1397     2.6111      7.976     2.1638     0.1321     100.00 4.8774e+01     1.2321   44.26740  -63.31734         12  0.000e+00
      48418   2017.375     21.632    14.9894   3.803508    14.9530   3.805439     2.1397     2.6111      7.976     2.1638     0.1321     100.00 4.8930e+01     1.2321   44.26740  -63.31734         12  0.000e+00
      48419   2017.417     21.632    14.9741   3.803819    14.9533   3.805212     2.1397     2.6111      7.976     2.1638     0.1310      99.98 4.8930e+01     1.2321   44.26740  -63.31734         12  0.000e+00
      48420   2017.458     21.538    14.9648   3.804123    14.9567   3.804685     2.1397     2.6111      7.981     2.1638     0.1299     100.00 4.9086e+01     1.1088   44.26740  -63.31734         12  0.000e+00
      48421   2017.500     21.538    14.9614   3.804379    14.9637   3.803983     2.1397     2.6111      7.976     2.1333     0.1288     100.00 4.9086e+01     0.9855   44.26740  -63.31734         12  0.000e+00
      48422   2017.542     21.686    14.9635   3.804184    14.9703   3.803392     2.1397     2.6111      7.976     2.1333     0.1299      99.98 4.9242e+01     0.9855   44.26740  -63.31734         12  0.000e+00
      48423   2017.583     21.538    14.9733   3.803752    14.9769   3.802983     2.1397     2.6111      7.981     2.1333     0.1299      99.98 4.9242e+01     0.9855   44.26740  -63.31734         12  0.000e+00
      48424   2017.625     21.632    14.9855   3.803320    14.9834   3.802892     2.1397     2.6111      7.976     2.1333     0.1299      99.98 4.9399e+01     0.9855   44.26740  -63.31734         12  0.000e+00
      48425   2017.667     21.632    14.9941   3.803052    14.9884   3.802859     2.1397     2.6111      7.976     2.1638     0.1299      99.98 4.9556e+01     0.9855   44.26740  -63.31734         12  0.000e+00
      48426   2017.708     21.538    14.9987   3.802784    14.9912   3.802651     2.1397     2.6111      7.976     2.1638     0.1299     100.00 4.9556e+01     0.9855   44.26740  -63.31734         12  0.000e+00
      48427   2017.750     21.633    15.0063   3.802412    14.9932   3.802437     2.1385     2.6099      7.976     2.1638     0.1299     100.00 4.9556e+01     0.9855   44.26740  -63.31734         12  0.000e+00
      48428   2017.792     21.633    15.0128   3.802370    14.9954   3.802190     2.1397     2.6099      7.976     2.1333     0.1299     100.00 4.9556e+01     0.9855   44.26740  -63.31734         12  0.000e+00
      48429   2017.833     21.633    15.0129   3.802461    14.9976   3.801988     2.1397     2.6099      7.976     2.1028     0.1299      99.98 4.9556e+01     0.9855   44.26740  -63.31734         12  0.000e+00
      48430   2017.875     21.633    15.0190   3.802047    15.0006   3.801800     2.1385     2.6099      7.976     2.0723     0.1299      99.98 4.9714e+01     0.9855   44.26740  -63.31734         12  0.000e+00
      48431   2017.917     21.633    15.0288   3.801408    15.0031   3.801572     2.1397     2.6099      7.976     2.1028     0.1299      99.98 4.9714e+01     0.9855   44.26740  -63.31734         12  0.000e+00
      48432   2017.958     21.633    15.0370   3.801134    15.0068   3.801423     2.1385     2.6099      7.976     2.1028     0.1299     100.00 4.9714e+01     0.9855   44.26740  -63.31734         12  0.000e+00
      48433   2018.000     21.538    15.0432   3.801006    15.0098   3.801325     2.1397     2.6099      7.980     2.1028     0.1299     100.00 4.9714e+01     0.9855   44.26740  -63.31734         12  0.000e+00
      48434   2018.042     21.633    15.0469   3.800835    15.0119   3.801390     2.1397     2.6099      7.976     2.0723     0.1299     100.00 4.9714e+01     0.9855   44.26740  -63.31734         12  0.000e+00
      48435   2018.083     21.795    15.0468   3.800793    15.0132   3.801572     2.1385     2.6087      7.976     2.0723     0.1299     100.00 4.9556e+01     0.9855   44.26740  -63.31734         12  0.000e+00
      48436   2018.125     21.633    15.0471   3.800805    15.0148   3.801507     2.1397     2.6087      7.980     2.1028     0.1299      99.98 4.9556e+01     0.9855   44.26740  -63.31734         12  0.000e+00
      48437   2018.167     21.741    15.0508   3.800641    15.0159   3.801377     2.1385     2.6087      7.980     2.1028     0.1299     100.00 4.9399e+01     0.9855   44.26740  -63.31734         12  0.000e+00
      48438   2018.208     21.633    15.0544   3.800488    15.0176   3.801273     2.1385     2.6087      7.976     2.0723     0.1310     100.00 4.9242e+01     0.9855   44.26740  -63.31734         12  0.000e+00
      48439   2018.250     21.633    15.0572   3.800422    15.0191   3.801228     2.1397     2.6087      7.980     2.0723     0.1267      99.98 4.9086e+01     0.9855   44.26740  -63.31734         12  0.000e+00
      48440   2018.292     21.633    15.0607   3.800367    15.0201   3.801208     2.1385     2.6087      7.976     2.1028     0.1256     100.00 4.8930e+01     0.9855   44.26740  -63.31734         12  0.000e+00
      48441   2018.333     21.741    15.0631   3.800355    15.0218   3.801189     2.1385     2.6087      7.976     2.0723     0.1245      99.98 4.8774e+01     0.9855   44.26740  -63.31734         12  0.000e+00
      48442   2018.375     21.633    15.0642   3.800318    15.0228   3.801163     2.1385     2.6075      7.976     2.1028     0.1245      99.98 4.8620e+01     0.9855   44.26740  -63.31734         12  0.000e+00
      48443   2018.417     21.835    15.0658   3.800288    15.0231   3.801273     2.1385     2.6075      7.980     2.1028     0.1256     100.00 4.8465e+01     0.9855   44.26740  -63.31734         12  0.000e+00
      48444   2018.458     21.633    15.0666   3.800288    15.0234   3.801481     2.1385     2.6087      7.976     2.1028     0.1245     100.00 4.8312e+01     0.9855   44.26740  -63.31734         12  0.000e+00
      48445   2018.500     21.741    15.0672   3.800300    15.0233   3.801598     2.1385     2.6075      7.976     2.0723     0.1288     100.00 4.8312e+01     0.9855   44.26740  -63.31734         12  0.000e+00
      48446   2018.542     21.741    15.0675   3.800288    15.0218   3.801845     2.1397     2.6075      7.976     2.0723     0.1256     100.00 4.8158e+01     0.8621   44.26740  -63.31734         12  0.000e+00
      49239   2051.583     21.937    14.8837   3.815613    14.8901   3.815233     2.1226     2.5818      7.967     6.7121     0.3247     100.00 6.0352e+01     1.1088   44.26740  -63.31734         13  0.000e+00
      49240   2051.625     21.937    14.8876   3.815174    14.8902   3.815129     2.1226     2.5818      7.967     6.5900     0.3247      99.98 6.0737e+01     1.1088   44.26740  -63.31734         13  0.000e+00
      49241   2051.667     21.991    14.8916   3.814796    14.8901   3.815109     2.1226     2.5818      7.967     6.5289     0.3247      99.98 6.0737e+01     1.1088   44.26740  -63.31734         13  0.000e+00
      49242   2051.708     22.045    14.8947   3.814510    14.8900   3.815077     2.1226     2.5818      7.967     6.5594     0.3247     100.00 6.1124e+01     1.1088   44.26740  -63.31734         13  0.000e+00
      49243   2051.750     21.748    14.8973   3.814266    14.8900   3.814946     2.1226     2.5818      7.967     6.5594     0.3247      99.98 6.1319e+01     1.1088   44.26740  -63.31734         13  0.000e+00
      49244   2051.792     21.937    14.8984   3.814230    14.8907   3.814777     2.1226     2.5830      7.967     6.5900     0.3247      99.98 6.1710e+01     1.1088   44.26740  -63.31734         13  0.000e+00
      49245   2051.833     21.842    14.8991   3.814339    14.8913   3.814660     2.1226     2.5818      7.967     6.5594     0.3258     100.00 6.1907e+01     1.1088   44.26740  -63.31734         13  0.000e+00
      49246   2051.875     21.937    14.8981   3.814784    14.8923   3.814686     2.1238     2.5818      7.967     6.5594     0.3258     100.00 6.2104e+01     1.1088   44.26740  -63.31734         13  0.000e+00
      49247   2051.917     22.045    14.8932   3.815552    14.8929   3.814706     2.1226     2.5830      7.962     6.5900     0.3011     100.00 6.2104e+01     1.1088   44.26740  -63.31734         13  0.000e+00
      49248   2051.958     21.748    14.8875   3.816442    14.8941   3.814348     2.1238     2.5818      7.967     6.5594     0.2821     100.00 6.2302e+01     1.1088   44.26740  -63.31734         13  0.000e+00
      49249   2052.000     21.937    14.8812   3.817156    14.8961   3.813775     2.1226     2.5830      7.967     6.5594     0.2798     100.00 6.2500e+01     1.1088   44.26740  -63.31734         13  0.000e+00
      49250   2052.042     21.748    14.8758   3.817442    14.8988   3.813424     2.1226     2.5830      7.967     6.5594     0.2809     100.00 6.2500e+01     1.1088   44.26740  -63.31734         13  0.000e+00
      49251   2052.083     21.842    14.8723   3.817290    14.9015   3.813203     2.1226     2.5830      7.967     6.5594     0.2809     100.00 6.2699e+01     1.1088   44.26740  -63.31734         13  0.000e+00
      49252   2052.125     21.842    14.8711   3.817241    14.9038   3.813157     2.1226     2.5830      7.967     6.5594     0.2809     100.00 6.2699e+01     1.1088   44.26740  -63.31734         13  0.000e+00
      49253   2052.167     21.802    14.8711   3.816583    14.9058   3.813177     2.1226     2.5830      7.967     6.5594     0.2821     100.00 6.2699e+01     1.1088   44.26740  -63.31734         13  0.000e+00
      49254   2052.208     21.842    14.8750   3.815406    14.9070   3.813138     2.1226     2.5830      7.967     6.5594     0.2821     100.00 6.2699e+01     1.1088   44.26740  -63.31734         13  0.000e+00
      49255   2052.250     21.748    14.8806   3.814857    14.9084   3.813066     2.1226     2.5830      7.967     6.5594     0.2809      99.98 6.2699e+01     1.1088   44.26740  -63.31734         13  0.000e+00
      49256   2052.292     21.640    14.8851   3.815284    14.9100   3.812930     2.1226     2.5830      7.967     6.5594     0.2809     100.00 6.2699e+01     1.1088   44.26740  -63.31734         13  0.000e+00
      49257   2052.333     21.842    14.8849   3.816040    14.9112   3.812813     2.1226     2.5830      7.967     6.5594     0.2809     100.00 6.2699e+01     0.9855   44.26740  -63.31734         13  0.000e+00
      49258   2052.375     21.748    14.8824   3.816485    14.9127   3.812734     2.1238     2.5830      7.967     6.5594     0.2809      99.98 6.2699e+01     0.6155   44.26740  -63.31734         13  0.000e+00
      49259   2052.417     21.748    14.8806   3.816625    14.9137   3.812767     2.1238     2.5843      7.967     6.5594     0.2809     100.00 6.2899e+01     0.4922   44.26740  -63.31734         13  0.000e+00
