core/tests/sample_data/JC243a001.ROS
* Sea-Bird SBE 9 Data File:
* FileName = C:\Users\sandm\Documents\Cruises\JC243\Data\CTD Raw Data\JC243a001.hdr
* Software Version Seasave V 7.26.7.121
* Temperature SN = 4816
* Conductivity SN = 3567
* Number of Bytes Per Scan = 37
* Number of Voltage Words = 4
* Number of Scans Averaged by the Deck Unit = 1
* NMEA Latitude = 44 16.04 N
* NMEA Longitude = 063 19.04 W
* NMEA UTC (Time) = Oct 02 2022  14:19:36
** Ship: RRS JAMES COOK
** Cruise: JC24301
** Chief_Scientist: LINDSAY BEAZLEY
** Organization: NOC
** Area_of_Operation: SCOTIAN SHELF
** Cruise_Description: ATLANTIC ZONE MONITORING PROGRAM (AZMP)
** Station_Name: HL_02
** Event_Number: 001
** Sounding: 152
** Event_Comments: HL_02, 495271
# nquan = 19
# nvalues = 931                                   
# units = specified
# name 0 = scan: Scan Count
# name 1 = timeS: Time, Elapsed [seconds]
# name 2 = prDM: Pressure, Digiquartz [db]
# name 3 = t090C: Temperature [ITS-90, deg C]
# name 4 = c0S/m: Conductivity [S/m]
# name 5 = t190C: Temperature, 2 [ITS-90, deg C]
# name 6 = c1S/m: Conductivity, 2 [S/m]
# name 7 = sbeox0V: Oxygen raw, SBE 43 [V]
# name 8 = sbeox1V: Oxygen raw, SBE 43, 2 [V]
# name 9 = ph: pH
# name 10 = flECO-AFL: Fluorescence, WET Labs ECO-AFL/FL [mg/m^3]
# name 11 = CStarAt0: Beam Attenuation, WET Labs C-Star [1/m]
# name 12 = altM: Altimeter [m]
# name 13 = par/log: PAR/Logarithmic, Satlantic [umol photons/m2/s]
# name 14 = wetCDOM: Fluorescence, WET Labs CDOM [mg/m^3]
# name 15 = latitude: Latitude [deg]
# name 16 = longitude: Longitude [deg]
# name 17 = nbf: Bottles Fired
# name 18 = flag:  0.000e+00
# interval = seconds: 0.0416667
# start_time = Oct 02 2022 14:19:36 [NMEA time, header]
# bad_flag = -9.990e-29
*END*
[from data line 610]
      49261   2052.500     21.748    14.8797   3.815875    14.9155   3.812799     2.1238     2.5843      7.967     6.5594     0.2809      99.98 6.3099e+01     0.4922   44.26740  -63.31734         13  0.000e+00
      49262   2052.542     21.640    14.8815   3.815699    14.9163   3.812838     2.1226     2.5843      7.962     6.5594     0.2821     100.00 6.3099e+01     0.6155   44.26740  -63.31734         13  0.000e+00
      49263   2052.583     21.546    14.8822   3.815900    14.9168   3.812851     2.1226     2.5843      7.967     6.5594     0.2821     100.00 6.3501e+01     0.4922   44.26740  -63.31734         13  0.000e+00
      49264   2052.625     21.640    14.8825   3.815735    14.9170   3.812929     2.1226     2.5843      7.962     6.5594     0.2809     100.00 6.3703e+01     0.6155   44.26740  -63.31734         13  0.000e+00
      49265   2052.667     21.694    14.8844   3.815327    14.9170   3.813079     2.1226     2.5843      7.967     6.5594     0.2821     100.00 6.3906e+01     0.4922   44.26740  -63.31734         13  0.000e+00
      49266   2052.708     21.748    14.8864   3.814943    14.9170   3.812995     2.1238     2.5843      7.967     5.7047     0.2821     100.00 6.4110e+01     0.4922   44.26740  -63.31734         13  0.000e+00
      49267   2052.750     21.546    14.8923   3.814315    14.9180   3.812650     2.1238     2.5843      7.967     5.0942     0.2454     100.00 6.4314e+01     0.4922   44.26740  -63.31734         13  0.000e+00
      49268   2052.792     21.546    14.8969   3.814364    14.9192   3.812448     2.1226     2.5855      7.962     4.9416     0.2047     100.00 6.4314e+01     0.4922   44.26740  -63.31734         13  0.000e+00
      49269   2052.833     21.748    14.8962   3.814821    14.9202   3.812390     2.1238     2.5843      7.967     5.0027     0.1949     100.00 6.4314e+01     0.6155   44.26740  -63.31734         13  0.000e+00
      49270   2052.875     21.438    14.8941   3.815278    14.9211   3.812253     2.1238     2.5855      7.967     5.0332     0.1971      99.98 6.4110e+01     0.4922   44.26740  -63.31734         13  0.000e+00
      49271   2052.917     21.640    14.8915   3.815595    14.9223   3.811934     2.1226     2.5843      7.967     5.0332     0.1992     100.00 6.3906e+01     0.4922   44.26740  -63.31734         13  0.000e+00
      49272   2052.958     21.546    14.8893   3.815686    14.9248   3.811011     2.1238     2.5855      7.967     5.0332     0.1992     100.00 6.3906e+01     0.4922   44.26740  -63.31734         13  0.000e+00
      49273   2053.000     21.546    14.8883   3.815132    14.9304   3.810432     2.1238     2.5855      7.967     5.0332     0.1992     100.00 6.3703e+01     0.4922   44.26740  -63.31734         13  0.000e+00
      49274   2053.042     21.546    14.8890   3.814492    14.9333   3.810738     2.1238     2.5855      7.967     5.0332     0.1992     100.00 6.3906e+01     0.4922   44.26740  -63.31734         13  0.000e+00
      49275   2053.083     21.438    14.8932   3.813961    14.9345   3.810692     2.1238     2.5855      7.967     5.0332     0.1992     100.00 6.3906e+01     0.4922   44.26740  -63.31734         13  0.000e+00
      49276   2053.125     21.546    14.8967   3.813711    14.9375   3.810107     2.1226     2.5855      7.967     5.0332     0.1981      99.98 6.4110e+01     0.4922   44.26740  -63.31734         13  0.000e+00
      49277   2053.167     21.546    14.8993   3.813614    14.9423   3.809339     2.1238     2.5855      7.967     5.0332     0.1992     100.00 6.4314e+01     0.4922   44.26740  -63.31734         13  0.000e+00
      49278   2053.208     21.397    14.9013   3.813650    14.9490   3.808728     2.1226     2.5843      7.967     5.0332     0.1992     100.00 6.4314e+01     0.6155   44.26740  -63.31734         13  0.000e+00
      49279   2053.250     21.438    14.9030   3.813766    14.9543   3.808332     2.1238     2.5843      7.962     5.0332     0.1992     100.00 6.4519e+01     0.4922   44.26740  -63.31734         13  0.000e+00
      49280   2053.292     21.546    14.9037   3.814132    14.9593   3.808156     2.1226     2.5843      7.962     5.0332     0.1992      99.98 6.4724e+01     0.4922   44.26740  -63.31734         13  0.000e+00
      49281   2053.333     21.438    14.9030   3.814497    14.9630   3.808123     2.1226     2.5843      7.962     5.0332     0.1992     100.00 6.4930e+01     0.4922   44.26740  -63.31734         13  0.000e+00
      49282   2053.375     21.344    14.9011   3.814705    14.9665   3.808097     2.1226     2.5843      7.967     5.0332     0.1992     100.00 6.4930e+01     0.4922   44.26740  -63.31734         13  0.000e+00
      49283   2053.417     21.438    14.8991   3.814875    14.9685   3.808058     2.1238     2.5843      7.967     5.0332     0.1992      99.98 6.5137e+01     0.6155   44.26740  -63.31734         13  0.000e+00
      49284   2053.458     21.438    14.8976   3.814863    14.9697   3.807850     2.1238     2.5843      7.967     5.0332     0.1981     100.00 6.5137e+01     0.9855   44.26740  -63.31734         13  0.000e+00
      49285   2053.500     21.344    14.8966   3.814827    14.9712   3.807408     2.1226     2.5843      7.967     5.0332     0.1981     100.00 6.5137e+01     1.1088   44.26740  -63.31734         13  0.000e+00
      49286   2053.542     21.344    14.8959   3.814711    14.9742   3.807025     2.1226     2.5843      7.967     5.0332     0.1992     100.00 6.4930e+01     1.1088   44.26740  -63.31734         13  0.000e+00
      49287   2053.583     21.438    14.8957   3.814705    14.9777   3.806726     2.1226     2.5843      7.967     5.0332     0.1872     100.00 6.4724e+01     1.1088   44.26740  -63.31734         13  0.000e+00
      49938   2080.708     21.353    14.9501   3.811133    14.9847   3.807629     2.1275     2.5843      7.967     4.1785     0.2036     100.00 5.0031e+01     0.4922   44.26740  -63.31734         14  0.000e+00
      49939   2080.750     21.556    14.9494   3.810908    14.9850   3.807551     2.1262     2.5843      7.967     4.1785     0.2036     100.00 5.0190e+01     0.2455   44.26740  -63.31734         14  0.000e+00
      49940   2080.792     21.758    14.9498   3.810518    14.9857   3.807473     2.1275     2.5843      7.967     4.2090     0.2025     100.00 5.0190e+01     0.2455   44.26740  -63.31734         14  0.000e+00
      49941   2080.833     21.313    14.9516   3.810195    14.9865   3.807395     2.1275     2.5843      7.967     4.1785     0.2036     100.00 5.0350e+01     0.2455   44.26740  -63.31734         14  0.000e+00
      49942   2080.875     21.556    14.9539   3.810548    14.9875   3.807356     2.1275     2.5843      7.967     4.1785     0.2036     100.00 5.0350e+01     0.2455   44.26740  -63.31734         14  0.000e+00
      49943   2080.917     21.556    14.9535   3.811657    14.9882   3.807350     2.1275     2.5843      7.967     4.2090     0.2047     100.00 5.0510e+01     0.2455   44.26740  -63.31734         14  0.000e+00
      49944   2080.958     21.448    14.9474   3.812535    14.9885   3.807369     2.1275     2.5855      7.967     4.1785     0.2036     100.00 5.0510e+01     0.2455   44.26740  -63.31734         14  0.000e+00
      49945   2081.000     21.448    14.9396   3.813150    14.9889   3.807434     2.1262     2.5842      7.967     4.1785     0.2036     100.00 5.0671e+01     0.2455   44.26740  -63.31734         14  0.000e+00
      49946   2081.042     21.556    14.9322   3.813827    14.9892   3.807473     2.1275     2.5855      7.971     4.1785     0.2036      99.98 5.0671e+01     0.2455   44.26740  -63.31734         14  0.000e+00
      49947   2081.083     21.556    14.9216   3.814205    14.9896   3.807493     2.1275     2.5855      7.967     4.2701     0.2036      99.98 5.0832e+01     0.2455   44.26740  -63.31734         14  0.000e+00
      49948   2081.125     21.556    14.9133   3.814199    14.9899   3.807538     2.1275     2.5855      7.967     4.3311     0.2047     100.00 5.0832e+01     0.2455   44.26740  -63.31734         14  0.000e+00
      49949   2081.167     21.448    14.9064   3.814302    14.9896   3.807525     2.1275     2.5855      7.967     4.3311     0.2036     100.00 5.0832e+01     0.2455   44.26740  -63.31734         14  0.000e+00
      49950   2081.208     21.556    14.9031   3.814418    14.9897   3.807493     2.1275     2.5855      7.967     4.3311     0.2036     100.00 5.0832e+01     0.2455   44.26740  -63.31734         14  0.000e+00
      49951   2081.250     21.556    14.9065   3.814339    14.9899   3.807506     2.1275     2.5855      7.967     4.3311     0.2036     100.00 5.0671e+01     0.2455   44.26740  -63.31734         14  0.000e+00
      49952   2081.292     21.448    14.9067   3.814510    14.9890   3.807668     2.1275     2.5855      7.967     4.3311     0.2047     100.00 5.0671e+01     0.2455   44.26740  -63.31734         14  0.000e+00
      49953   2081.333     21.556    14.9021   3.814504    14.9877   3.808045     2.1275     2.5855      7.967     4.3311     0.2047     100.00 5.0671e+01     0.2455   44.26740  -63.31734         14  0.000e+00
      49954   2081.375     21.610    14.9045   3.813815    14.9849   3.808507     2.1275     2.5855      7.967     4.3311     0.2543     100.00 5.0671e+01     0.2455   44.26740  -63.31734         14  0.000e+00
      49955   2081.417     21.556    14.9121   3.812834    14.9820   3.809124     2.1275     2.5855      7.967     4.3311     0.2966      99.98 5.0671e+01     0.2455   44.26740  -63.31734         14  0.000e+00
      49956   2081.458     21.448    14.9214   3.812157    14.9782   3.810048     2.1262     2.5855      7.967     4.3006     0.3044     100.00 5.0671e+01     0.2455   44.26740  -63.31734         14  0.000e+00
      49957   2081.500     21.651    14.9277   3.812163    14.9718   3.810984     2.1275     2.5867      7.967     4.3311     0.3022     100.00 5.0510e+01     0.2455   44.26740  -63.31734         14  0.000e+00
      49958   2081.542     21.448    14.9271   3.812316    14.9650   3.811635     2.1287     2.5867      7.967     4.3311     0.2988      99.98 5.0510e+01     0.3689   44.26740  -63.31734         14  0.000e+00
      49959   2081.583     21.556    14.9273   3.812249    14.9595   3.811901     2.1275     2.5855      7.967     4.3006     0.2988     100.00 5.0510e+01     0.2455   44.26740  -63.31734         14  0.000e+00
      49960   2081.625     21.651    14.9278   3.812267    14.9555   3.811687     2.1275     2.5867      7.967     4.3311     0.3000     100.00 5.0510e+01     0.2455   44.26740  -63.31734         14  0.000e+00
      49961   2081.667     21.448    14.9273   3.812663    14.9539   3.811205     2.1275     2.5867      7.967     4.3311     0.3000      99.98 5.0510e+01     0.2455   44.26740  -63.31734         14  0.000e+00
      49962   2081.708     21.556    14.9224   3.813425    14.9533   3.810796     2.1275     2.5867      7.967     4.3311     0.3000     100.00 5.0510e+01     0.2455   44.26740  -63.31734         14  0.000e+00
      49963   2081.750     21.759    14.9153   3.814290    14.9526   3.810523     2.1275     2.5867      7.967     4.3311     0.3000      99.98 5.0510e+01     0.3689   44.26740  -63.31734         14  0.000e+00
      49964   2081.792     21.448    14.9064   3.815015    14.9532   3.810419     2.1275     2.5879      7.967     4.3311     0.3000     100.00 5.0510e+01     0.8621   44.26740  -63.31734         14  0.000e+00
      49965   2081.833     21.556    14.9003   3.815497    14.9545   3.810451     2.1275     2.5867      7.967     4.3311     0.2988     100.00 5.0671e+01     1.1088   44.26740  -63.31734         14  0.000e+00
      49966   2081.875     21.556    14.8944   3.816046    14.9553   3.810646     2.1287     2.5879      7.967     4.3311     0.3000      99.98 5.0510e+01     1.1088   44.26740  -63.31734         14  0.000e+00
      49967   2081.917     21.610    14.8873   3.816625    14.9556   3.810783     2.1275     2.5879      7.967     4.3311     0.3000     100.00 5.0671e+01     1.1088   44.26740  -63.31734         14  0.000e+00
      49968   2081.958     21.556    14.8812   3.816948    14.9557   3.810906     2.1275     2.5879      7.967     4.3311     0.3000      99.98 5.0671e+01     1.1088   44.26740  -63.31734         14  0.000e+00
      49969   2082.000     21.556    14.8763   3.817119    14.9552   3.810991     2.1287     2.5879      7.967     4.3311     0.3000      99.98 5.0671e+01     1.1088   44.26740  -63.31734         14  0.000e+00
      49970   2082.042     21.651    14.8724   3.817351    14.9537   3.811232     2.1287     2.5879      7.967     4.3311     0.3000      99.98 5.0671e+01     1.1088   44.26740  -63.31734         14  0.000e+00
      49971   2082.083     21.556    14.8694   3.817588    14.9508   3.811433     2.1275     2.5891      7.967     4.3311     0.3000     100.00 5.0671e+01     1.1088   44.26740  -63.31734         14  0.000e+00
      49972   2082.125     21.651    14.8675   3.817723    14.9480   3.811674     2.1287     2.5891      7.967     4.3311     0.3000      99.98 5.0671e+01     1.1088   44.26740  -63.31734         14  0.000e+00
      49973   2082.167     21.556    14.8657   3.817851    14.9452   3.811973     2.1275     2.5891      7.967     5.3384     0.3000      99.98 5.0671e+01     1.1088   44.26740  -63.31734         14  0.000e+00
      49974   2082.208     21.556    14.8645   3.817979    14.9427   3.812324     2.1287     2.5891      7.967     6.0100     0.2876     100.00 5.0671e+01     1.1088   44.26740  -63.31734         14  0.000e+00
      49975   2082.250     21.651    14.8625   3.818119    14.9405   3.812669     2.1275     2.5891      7.967     6.1016     0.2687     100.00 5.0510e+01     1.1088   44.26740  -63.31734         14  0.000e+00
      49976   2082.292     21.556    14.8606   3.818308    14.9377   3.812949     2.1287     2.5891      7.967     6.0710     0.2642     100.00 5.0510e+01     1.1088   44.26740  -63.31734         14  0.000e+00
      49977   2082.333     21.651    14.8588   3.818613    14.9340   3.813248     2.1275     2.5904      7.967     6.0710     0.2642     100.00 5.0350e+01     1.1088   44.26740  -63.31734         14  0.000e+00
      49978   2082.375     21.651    14.8567   3.818668    14.9305   3.813424     2.1275     2.5904      7.967     6.0100     0.2654     100.00 5.0350e+01     1.1088   44.26740  -63.31734         14  0.000e+00
      49979   2082.417     21.610    14.8562   3.818790    14.9279   3.813482     2.1275     2.5904      7.967     6.0405     0.2654      99.98 5.0190e+01     1.1088   44.26740  -63.31734         14  0.000e+00
      49980   2082.458     21.651    14.8513   3.819534    14.9257   3.813593     2.1275     2.5904      7.967     6.0405     0.2654     100.00 5.0190e+01     1.1088   44.26740  -63.31734         14  0.000e+00
      49981   2082.500     21.556    14.8456   3.820082    14.9236   3.813775     2.1275     2.5904      7.967     6.0405     0.2654     100.00 5.0031e+01     1.1088   44.26740  -63.31734         14  0.000e+00
      49982   2082.542     21.759    14.8424   3.820058    14.9219   3.813827     2.1275     2.5904      7.967     6.0405     0.2654      99.98 5.0031e+01     1.1088   44.26740  -63.31734         14  0.000e+00
      49983   2082.583     21.557    14.8413   3.819680    14.9200   3.813879     2.1275     2.5904      7.967     6.0405     0.2654     100.00 5.0031e+01     1.1088   44.26740  -63.31734         14  0.000e+00
      49984   2082.625     21.759    14.8427   3.819320    14.9185   3.813899     2.1275     2.5904      7.967     6.0710     0.2654     100.00 4.9872e+01     1.1088   44.26740  -63.31734         14  0.000e+00
      49985   2082.667     21.557    14.8458   3.818960    14.9175   3.813840     2.1275     2.5904      7.967     6.0405     0.2642     100.00 4.9872e+01     1.1088   44.26740  -63.31734         14  0.000e+00
