core/tests/sample_data/JC243a006.ROS
* Sea-Bird SBE 9 Data File:
* FileName = C:\Users\sandm\Documents\Cruises\JC243\Data\CTD Raw Data\JC243a006.hdr
* Software Version Seasave V 7.26.7.121
* Temperature SN = 4816
* Conductivity SN = 3567
* Number of Bytes Per Scan = 37
* Number of Voltage Words = 4
* Number of Scans Averaged by the Deck Unit = 1
* NMEA Latitude = 42 20.20 N
* NMEA Longitude = 065 48.43 W
* NMEA UTC (Time) = Oct 04 2022  14:03:38
** Ship: RRS JAMES COOK
** Cruise: JC24301
** Chief_Scientist: LINDSAY BEAZLEY
** Organization: NOC
** Area_of_Operation: SCOTIAN SHELF
** Cruise_Description: ATLANTIC ZONE MONITORING PROGRAM (AZMP)
** Station_Name: NEC_02
** Event_Number: 006
** Sounding: 203
** Event_Comments: NEC_02, 495290
# nquan = 19
# nvalues = 1176                                  
# units = specified
# name 0 = scan: Scan Count
# name 1 = timeS: Time, Elapsed [seconds]
# name 2 = prDM: Pressure, Digiquartz [db]
# name 3 = t090C: Temperature [ITS-90, deg C]
# name 4 = c0S/m: Conductivity [S/m]
# name 5 = t190C: Temperature, 2 [ITS-90, deg C]
# name 6 = c1S/m: Conductivity, 2 [S/m]
# name 7 = sbeox0V: Oxygen raw, SBE 43 [V]
# name 8 = sbeox1V: Oxygen raw, SBE 43, 2 [V]
# name 9 = ph: pH
# name 10 = flECO-AFL: Fluorescence, WET Labs ECO-AFL/FL [mg/m^3]
# name 11 = CStarAt0: Beam Attenuation, WET Labs C-Star [1/m]
# name 12 = altM: Altimeter [m]
# name 13 = par/log: PAR/Logarithmic, Satlantic [umol photons/m2/s]
# name 14 = wetCDOM: Fluorescence, WET Labs CDOM [mg/m^3]
# name 15 = latitude: Latitude [deg]
# name 16 = longitude: Longitude [deg]
# name 17 = nbf: Bottles Fired
# name 18 = flag:  0.000e+00
# interval = seconds: 0.0416667
# start_time = Oct 04 2022 14:03:38 [NMEA time, header]
# bad_flag = -9.990e-29
*END*
[from data line 458]
      59426   2476.042     29.924    11.4412   3.757679    11.4066   3.755794     1.9310     2.3353      7.880     1.0039     0.0734     100.00 1.0571e+01     0.7388   42.33672  -65.80710         10  0.000e+00
      59427   2476.083     30.073    11.4413   3.757691    11.4079   3.755645     1.9298     2.3353      7.880     1.0039     0.0734     100.00 1.0571e+01     0.7388   42.33672  -65.80710         10  0.000e+00
      59428   2476.125     30.032    11.4415   3.757661    11.4079   3.755380     1.9310     2.3365      7.880     1.0344     0.0734     100.00 1.0605e+01     0.7388   42.33672  -65.80710         10  0.000e+00
      59429   2476.167     29.924    11.4419   3.757703    11.4079   3.755238     1.9310     2.3365      7.885     1.0039     0.0734     100.00 1.0605e+01     0.7388   42.33672  -65.80710         10  0.000e+00
      59430   2476.208     29.924    11.4440   3.757667    11.4075   3.755115     1.9298     2.3365      7.880     1.0039     0.0744     100.00 1.0639e+01     0.7388   42.33672  -65.80710         10  0.000e+00
      59431   2476.250     29.924    11.4438   3.757388    11.4069   3.755031     1.9310     2.3365      7.880     1.0039     0.0744     100.00 1.0639e+01     0.7388   42.33672  -65.80710         10  0.000e+00
      59432   2476.292     29.776    11.4410   3.757043    11.4066   3.755096     1.9310     2.3353      7.885     1.0039     0.0744      99.98 1.0673e+01     0.7388   42.33672  -65.80710         10  0.000e+00
      59433   2476.333     29.924    11.4387   3.756831    11.4067   3.755238     1.9310     2.3365      7.885     0.9734     0.0744     100.00 1.0673e+01     0.7388   42.33672  -65.80710         10  0.000e+00
      59434   2476.375     29.924    11.4359   3.756637    11.4067   3.755354     1.9310     2.3365      7.880     0.9734     0.0744     100.00 1.0706e+01     0.7388   42.33672  -65.80710         10  0.000e+00
      59435   2476.417     29.924    11.4332   3.756437    11.4072   3.755425     1.9310     2.3365      7.880     0.9734     0.0744     100.00 1.0706e+01     0.7388   42.33672  -65.80710         10  0.000e+00
      59436   2476.458     29.830    11.4309   3.756328    11.4074   3.755496     1.9310     2.3365      7.880     0.9734     0.0744      99.98 1.0706e+01     0.7388   42.33672  -65.80710         10  0.000e+00
      59437   2476.500     29.870    11.4302   3.756468    11.4084   3.755787     1.9310     2.3365      7.880     0.9734     0.0744     100.00 1.0741e+01     0.7388   42.33672  -65.80710         10  0.000e+00
      59438   2476.542     29.830    11.4316   3.756770    11.4094   3.755975     1.9298     2.3365      7.880     0.9734     0.0744     100.00 1.0741e+01     0.7388   42.33672  -65.80710         10  0.000e+00
      59439   2476.583     29.830    11.4342   3.756855    11.4107   3.756059     1.9310     2.3365      7.880     0.9734     0.0755     100.00 1.0775e+01     0.7388   42.33672  -65.80710         10  0.000e+00
      59440   2476.625     29.722    11.4349   3.756704    11.4118   3.756175     1.9310     2.3365      7.880     0.9734     0.0744     100.00 1.0775e+01     0.7388   42.33672  -65.80710         10  0.000e+00
      59441   2476.667     29.722    11.4349   3.756576    11.4131   3.756285     1.9310     2.3365      7.880     0.9734     0.0744     100.00 1.0809e+01     0.7388   42.33672  -65.80710         10  0.000e+00
      59442   2476.708     29.776    11.4343   3.756516    11.4146   3.756285     1.9310     2.3365      7.885     0.9734     0.0744     100.00 1.0809e+01     0.7388   42.33672  -65.80710         10  0.000e+00
      59443   2476.750     29.722    11.4341   3.756389    11.4154   3.756350     1.9310     2.3365      7.880     0.9734     0.0744      99.98 1.0844e+01     0.7388   42.33672  -65.80710         10  0.000e+00
      59444   2476.792     29.722    11.4325   3.756025    11.4172   3.756673     1.9310     2.3377      7.880     0.9734     0.0744     100.00 1.0844e+01     0.7388   42.33672  -65.80710         10  0.000e+00
      59445   2476.833     29.830    11.4298   3.755741    11.4190   3.756822     1.9310     2.3365      7.885     0.9734     0.0755     100.00 1.0878e+01     0.7388   42.33672  -65.80710         10  0.000e+00
      59446   2476.875     29.628    11.4265   3.755559    11.4206   3.756686     1.9310     2.3365      7.880     0.9734     0.0744     100.00 1.0878e+01     0.7388   42.33672  -65.80710         10  0.000e+00
      59447   2476.917     29.574    11.4240   3.755420    11.4218   3.756615     1.9310     2.3365      7.880     0.9734     0.0744     100.00 1.0913e+01     0.7388   42.33672  -65.80710         10  0.000e+00
      59448   2476.958     29.722    11.4224   3.755262    11.4223   3.756557     1.9298     2.3365      7.880     0.9734     0.0744     100.00 1.0913e+01     0.7388   42.33672  -65.80710         10  0.000e+00
      59449   2477.000     29.628    11.4206   3.755147    11.4221   3.756188     1.9310     2.3365      7.885     0.9734     0.0744      99.98 1.0947e+01     0.7388   42.33672  -65.80710         10  0.000e+00
      59450   2477.042     29.628    11.4189   3.754990    11.4209   3.755748     1.9298     2.3365      7.880     0.9734     0.0755     100.00 1.0982e+01     0.7388   42.33672  -65.80710         10  0.000e+00
      59451   2477.083     29.425    11.4166   3.754820    11.4192   3.754901     1.9310     2.3365      7.885     0.9734     0.0744     100.00 1.0982e+01     0.7388   42.33672  -65.80710         10  0.000e+00
      59452   2477.125     29.776    11.4150   3.754711    11.4154   3.753299     1.9310     2.3377      7.880     0.9734     0.0744     100.00 1.1017e+01     0.7388   42.33672  -65.80710         10  0.000e+00
      59453   2477.167     29.533    11.4127   3.754432    11.4105   3.752458     1.9310     2.3365      7.880     0.9734     0.0734     100.00 1.1017e+01     0.6155   42.33672  -65.80710         10  0.000e+00
      59454   2477.208     29.628    11.4087   3.754099    11.4064   3.752200     1.9310     2.3365      7.885     0.9734     0.0734     100.00 1.1052e+01     0.6155   42.33672  -65.80710         10  0.000e+00
      59455   2477.250     29.533    11.4064   3.753766    11.4030   3.752064     1.9310     2.3377      7.880     0.9734     0.0744     100.00 1.1123e+01     0.6155   42.33672  -65.80710         10  0.000e+00
      59456   2477.292     29.668    11.4036   3.753585    11.4001   3.752226     1.9310     2.3365      7.880     0.9428     0.0744      99.98 1.1123e+01     0.6155   42.33672  -65.80710         10  0.000e+00
      59457   2477.333     29.533    11.4025   3.753772    11.3983   3.752471     1.9310     2.3365      7.880     0.9734     0.0734     100.00 1.1158e+01     0.6155   42.33672  -65.80710         10  0.000e+00
      62135   2588.917     19.576    13.7903   3.890754    13.7876   3.890131     2.1349     2.6064      7.966     2.7133     0.1829     100.00 3.6639e+01     0.4922   42.33672  -65.80706         11  0.000e+00
      62136   2588.958     19.468    13.7907   3.890760    13.7871   3.890026     2.1337     2.6064      7.966     2.7133     0.1829      99.98 3.6522e+01     0.4922   42.33672  -65.80706         11  0.000e+00
      62137   2589.000     19.576    13.7910   3.890729    13.7869   3.889994     2.1349     2.6064      7.966     2.6828     0.1840     100.00 3.6639e+01     0.3689   42.33672  -65.80706         11  0.000e+00
      62138   2589.042     19.670    13.7909   3.890742    13.7864   3.889961     2.1349     2.6064      7.966     2.7133     0.1851      99.98 3.6522e+01     0.3689   42.33672  -65.80706         11  0.000e+00
      62139   2589.083     19.670    13.7910   3.890717    13.7863   3.889994     2.1349     2.6064      7.966     2.6828     0.1861     100.00 3.6522e+01     0.4922   42.33672  -65.80706         11  0.000e+00
      62140   2589.125     19.576    13.7910   3.890662    13.7861   3.890020     2.1349     2.6064      7.966     2.6828     0.1861     100.00 3.6522e+01     0.4922   42.33672  -65.80706         11  0.000e+00
      62141   2589.167     19.468    13.7909   3.890649    13.7861   3.890072     2.1337     2.6064      7.966     2.7133     0.1861     100.00 3.6522e+01     0.4922   42.33672  -65.80706         11  0.000e+00
      62142   2589.208     19.630    13.7905   3.890674    13.7861   3.890092     2.1337     2.6064      7.966     2.7133     0.1861     100.00 3.6522e+01     0.3689   42.33672  -65.80706         11  0.000e+00
      62143   2589.250     19.576    13.7904   3.890705    13.7864   3.890112     2.1337     2.6064      7.966     2.6828     0.1861     100.00 3.6522e+01     0.4922   42.33672  -65.80706         11  0.000e+00
      62144   2589.292     19.765    13.7907   3.890742    13.7861   3.890099     2.1337     2.6064      7.966     2.7133     0.1861     100.00 3.6406e+01     0.4922   42.33672  -65.80706         11  0.000e+00
      62145   2589.333     19.576    13.7913   3.890778    13.7863   3.890144     2.1337     2.6064      7.966     2.7133     0.1861     100.00 3.6406e+01     0.4922   42.33672  -65.80706         11  0.000e+00
      62146   2589.375     19.670    13.7913   3.890736    13.7864   3.890164     2.1337     2.6064      7.966     2.6828     0.1894     100.00 3.6406e+01     0.4922   42.33672  -65.80706         11  0.000e+00
      62147   2589.417     19.576    13.7912   3.890711    13.7868   3.890164     2.1337     2.6064      7.966     2.7133     0.1851     100.00 3.6406e+01     0.2455   42.33672  -65.80706         11  0.000e+00
      62148   2589.458     19.765    13.7909   3.890693    13.7871   3.890210     2.1349     2.6064      7.966     2.7133     0.1851      99.98 3.6406e+01     0.1222   42.33672  -65.80706         11  0.000e+00
      62149   2589.500     19.765    13.7909   3.890631    13.7871   3.890203     2.1349     2.6064      7.966     2.7133     0.1861     100.00 3.6406e+01     0.1222   42.33672  -65.80706         11  0.000e+00
      62150   2589.542     19.576    13.7890   3.890373    13.7874   3.890216     2.1337     2.6064      7.966     2.7133     0.1861     100.00 3.6406e+01     0.1222   42.33672  -65.80706         11  0.000e+00
      62151   2589.583     19.670    13.7858   3.890177    13.7875   3.890230     2.1349     2.6064      7.966     2.7133     0.1851      99.98 3.6291e+01     0.1222   42.33672  -65.80706         11  0.000e+00
      62152   2589.625     19.670    13.7831   3.890140    13.7874   3.890125     2.1349     2.6064      7.966     2.7133     0.1861      99.98 3.6291e+01     0.1222   42.33672  -65.80706         11  0.000e+00
      62153   2589.667     19.765    13.7838   3.890269    13.7875   3.890066     2.1349     2.6064      7.966     2.7133     0.1851     100.00 3.6291e+01     0.1222   42.33672  -65.80706         11  0.000e+00
      62154   2589.708     19.724    13.7850   3.890324    13.7869   3.890059     2.1349     2.6064      7.966     2.5912     0.1851     100.00 3.6291e+01     0.1222   42.33672  -65.80706         11  0.000e+00
      62155   2589.750     19.765    13.7855   3.890312    13.7864   3.889954     2.1349     2.6076      7.966     2.4996     0.1861     100.00 3.6176e+01     0.1222   42.33672  -65.80706         11  0.000e+00
      62156   2589.792     19.670    13.7858   3.890361    13.7859   3.889921     2.1349     2.6064      7.966     2.4691     0.1861     100.00 3.6291e+01     0.1222   42.33672  -65.80706         11  0.000e+00
      62157   2589.833     19.765    13.7858   3.890349    13.7856   3.890000     2.1349     2.6076      7.966     2.4691     0.1861     100.00 3.6176e+01     0.1222   42.33672  -65.80706         11  0.000e+00
      62158   2589.875     19.765    13.7861   3.890281    13.7856   3.890007     2.1349     2.6076      7.966     2.4996     0.1861     100.00 3.6176e+01     0.1222   42.33672  -65.80706         11  0.000e+00
      62159   2589.917     19.873    13.7845   3.890220    13.7855   3.890046     2.1349     2.6076      7.966     2.4996     0.1840     100.00 3.6176e+01     0.1222   42.33672  -65.80706         11  0.000e+00
      62160   2589.958     19.670    13.7833   3.890078    13.7856   3.890079     2.1361     2.6076      7.966     2.4996     0.1829     100.00 3.6176e+01     0.1222   42.33672  -65.80706         11  0.000e+00
      62161   2590.000     19.765    13.7821   3.889851    13.7860   3.890112     2.1361     2.6076      7.966     2.4996     0.1829      99.98 3.6176e+01     0.1222   42.33672  -65.80706         11  0.000e+00
      62162   2590.042     19.765    13.7790   3.889526    13.7859   3.890099     2.1349     2.6088      7.966     2.4691     0.1829     100.00 3.6061e+01     0.1222   42.33672  -65.80706         11  0.000e+00
      62163   2590.083     19.765    13.7760   3.889292    13.7860   3.890112     2.1349     2.6088      7.966     2.4996     0.1829     100.00 3.6061e+01     0.1222   42.33672  -65.80706         11  0.000e+00
      62164   2590.125     19.765    13.7732   3.889145    13.7863   3.890099     2.1349     2.6088      7.966     2.4996     0.1829     100.00 3.6061e+01     0.1222   42.33672  -65.80706         11  0.000e+00
      62165   2590.167     19.967    13.7714   3.889121    13.7858   3.890040     2.1349     2.6088      7.966     2.4691     0.1829     100.00 3.5946e+01     0.1222   42.33672  -65.80706         11  0.000e+00
      62166   2590.208     19.724    13.7715   3.889219    13.7859   3.890026     2.1361     2.6088      7.966     2.4996     0.1829     100.00 3.5946e+01     0.1222   42.33672  -65.80706         11  0.000e+00
      62167   2590.250     19.873    13.7715   3.889194    13.7855   3.890026     2.1349     2.6088      7.966     2.4996     0.1829     100.00 3.5946e+01     0.1222   42.33672  -65.80706         11  0.000e+00
      62168   2590.292     19.873    13.7708   3.889090    13.7856   3.890026     2.1349     2.6088      7.966     2.4691     0.1829     100.00 3.5946e+01     0.1222   42.33672  -65.80706         11  0.000e+00
      62169   2590.333     19.873    13.7687   3.888912    13.7854   3.890046     2.1349     2.6088      7.966     2.4996     0.1829     100.00 3.5832e+01     0.1222   42.33672  -65.80706         11  0.000e+00
      62170   2590.375     19.765    13.7673   3.888869    13.7855   3.890059     2.1349     2.6088      7.966     2.4691     0.1829      99.98 3.5832e+01     0.1222   42.33672  -65.80706         11  0.000e+00
      62171   2590.417     19.873    13.7674   3.888998    13.7856   3.890105     2.1349     2.6088      7.966     2.4996     0.1829     100.00 3.5832e+01     0.1222   42.33672  -65.80706         11  0.000e+00
      62172   2590.458     19.873    13.7683   3.889078    13.7861   3.890125     2.1361     2.6088      7.966     2.4996     0.1829     100.00 3.5719e+01     0.1222   42.33672  -65.80706         11  0.000e+00
      62173   2590.500     19.873    13.7690   3.889133    13.7861   3.890099     2.1349     2.6088      7.966     2.4996     0.1829      99.98 3.5719e+01     0.2455   42.33672  -65.80706         11  0.000e+00
      62174   2590.542     19.967    13.7692   3.889065    13.7861   3.890066     2.1349     2.6088      7.966     2.4996     0.1829     100.00 3.5719e+01     0.2455   42.33672  -65.80706         11  0.000e+00
      62175   2590.583     19.873    13.7675   3.889028    13.7863   3.890033     2.1349     2.6088      7.966     2.4996     0.1829      99.98 3.5719e+01     0.3689   42.33672  -65.80706         11  0.000e+00
      62176   2590.625     19.967    13.7685   3.889090    13.7858   3.890007     2.1361     2.6088      7.966     2.4996     0.1829     100.00 3.5719e+01     0.2455   42.33672  -65.80706         11  0.000e+00
      62177   2590.667     19.765    13.7699   3.889163    13.7857   3.890066     2.1349     2.6088      7.966     2.4996     0.1829     100.00 3.5605e+01     0.2455   42.33672  -65.80706         11  0.000e+00
